forf	in
pa<-4e-310<14e-31;1e-310;fu4e34e-31o.K