forf	in
pa<-4e-310<14e-31$$ed    =nĒ