forf	in
pa<-4e-310<14e-31;1e-310;fuzz94e34e-31o.K=!\000í	iní