forf	in
pa<-4e0<14e-31;1e-310;fuzz94e\001\000\000\000\000\000\000\002in@ﺱ