forf	in
pa<-4310<14e-31$$$    =nĒ