iii=-93851
 - 1
seuvts=0/-951
seutvts=0/-951
seuts=          0/- 1
reuvts=0/-951
ts=0/95-1
ts=0/-951
seuts=0/- 9.00889009+-D795/-951
seuts=0/- 9.8 N=                  0/- 1
ss=0/-951
seuts=0/- 9.8-97950/- 8.8-97955983/- 1
s=0/-     0/- 11
seuvts=0/-  1
seutsts=0/-951
ses=0/89009+-97951
seuts=0/- -           97951
seutiBiN=    1
seuts=0/- 1
ss=0/- 9.00889009+-D795/-951
seuts=0/- 9. N=                  0/- 1
ss=0/-951
seuts=0/- 9.8-97950/- 8.8-97955983/- 1
s=5/-     0/- 1
seu.vts=0/-951
seuts=0/- 9.8-979559889=009+-979    e!t