iii=-87409
 - 0
ses=0/-951
ts=0/-9.00889
seuts=0/- -.8-9 uriBiN=    51
seuts=0/- 9.00889009+-979/-951.0 1
seuts=0/- 1
  uv=st0/-9x- 8.8-979589009+- 