iii=- 7951
 - 1
ses=0/-951
ts=0/-951
ts=0/-951
seuts=0/- 9.00889
seuts=0/- -.8-9 uriBiN=    51
seuts=0/- 9.00889009+-9795/-951
sets=           1
keuts=    0/- 1
su3ts=0/-951
ses=0/- 9.008   1
seuts=0/- 1
  uv=st0/-9/- 8.8-979589009+- 