iii=-97951
 - 1
seuvts=0/-951
seutvts=0/-951
seuts=          0/- 1
reuvts=0/-951                          
ts=0/-951
ts=0/-951
seuts=0/- 9.00795/-959.8-979559889009+-97951
seuts=0/- -       09+-9795/-959+-97951
{euti=0/- -.8ts=0/-951
seuts=0/- 9.00889009+-D791
seuseuts=0