i=0/- -              1
keuts=0/- 1
su3ts=0/-951
seuts=0/- 9.00889009+-9795/-959+-97951
seuts=0/- -.8-0 uriBiN=    1
seuts=0/- 1
su3ts=0/-951
seuts=0/- 9.00889009+-D795/-951
seuts=0/- 9.8  -97955951
      euts=0/- 1
seuvts=0/-951
uts=0/- 909+-97951
seuseuts=0/- 9.8-979559889009+-97951
seuts=0/- -.8-9 uriBiN=    51
seuts=0/- 9.00889009+-9795/-951
sets=0/-  1
seutsts=0/-951
ses=0/-9510/- 9.8-9790/- 1
s=0/-951
seuts=0/- 9.8-9795598>900889009+-97951
seuts=0/- 0.8-979559889009+9 uiN=                  0/- 1
ss=0/-951
seuts=0/- 9*8-97950/- 8.8-97955983/- 1
s=1
ts=0/-951
seuts=0/- 9.8-979559889009+-97951
seuts=0/- -              1
keuts=0/- 1
su3ts=0/-951
seuts=0/- 9.00844504+-9795/-959+-97951
seuts=0/- -.8-0 uriBiN=    1
seuts=0/-559880/-8-0/-8-0/-2