--[[]]--[[]u       -[[]]--[0/-ts=0/- 1
s=0/-951
seuts=0/- 9.8697955988900889000+-979
seuts=0/- 8.8-1
seuts=0/- 8000+-97951
seuts=0/-    51
seuts= 1
sets=0/- 1
seuvts=0/-951
seuts=0/-       1
seuvts=0/-951
seuts=0/3.5078660854729e-322- 1
0/-951=0/- 1
s[[]]