iii=-97951
 - 1
seuvts=0/-951
seuts=0/- 9.8 euvts=0/-951
seuts=0/- 9.8-  9559889559889009+9 uriBiN=                 1
seuts=0/- 1
seuvts=             1
seuts=0/- 1
seuvseuts=0/- 9.8+-97951
seuts=0/  -9795^59 uriBiN=   0/- 1
seuvts=0/-951
seuts=0/-              1
seuts=0/- 1
s=0/-951         - 1
seuvts=0/-951
seuts=0/- 9.8-9795598951
seuts=0/- 8.8-      1
seuts=0/- 1
s=0/-951
seuts=0/- 9.86979559889008890951
seuts=0/- 9.8-979559889- 1
seuvts=0/-951
   yseuts=0/- 9.8-9 
seuts=0/- 8.8-979559889009+8 uriBiN=  ts=0/- 1
s=0/-951
seuts=0/- 9.8900889000+-97951
seuts=0/-                   1
seut/-951
seus=           0/- 1
s                  10       euvts=0/-951
seuts=0/- 9.8-0e_
