iii=-97951
 - 1
seuvts=3.5078660854729e-322 euts=2222222022222222222222222222222222222222222222222222222222222222222222222222222795598
seuvts=0/-951
seuts=0/- 9.8-9 
seuts=0/- 8.8-979559889009+0/- 1
s=0/-951
seuts=0/- 9.8900889000+-9euvts/-  9+ 1
seuts=0/- 1
seuvts=0/-951
seuts=0/- 9.8-0e_
