iii=-979+-97951
seuseuts=0/- 9.8-979559889009+-97951
seuts=0/- -.8-9 uriBiN=    51
seuts=0/- 9.00889009+-9795/-951
sets=0/-  1
seutsts=0/-951
ses=0/-9510/- 9.8-979559951
seuts=q/-               1
seuts=0/- 1
s=0/-951
seuts=0/- 5598>900889009+-97951
seuts=0/- 0.559889009+9 uiN=                  0/- 1
ss=050        /- 8.8-97955983/- 1
s=0/-     0/- 11
seuvts=0- -.8-9 uriBiN=   Y_______    