i"<-1.8