i=0/- -              1
keuts=0/- 1
su3ts=0/-951
seuts=0/- 9.00889009+-9795/-959+-97951
seuts=0/- -.8-0 uriBiN=    1
seuts=0/- 1
su3ts=0/-951
seuts=0/- 9.00889009+-D795/-951
seuts=0/- 9.8  -97955951
      euts=0/- 1
seuvts=0/-951
uts=0/- 909+-970/- 9.8-9790/- 1
s=0/-951
seuts=0/- 9.8-9795598>900889009+-97951
seets=0/- 0.8-9             -.8-0 uriBiN=    1
seuts=0/-559880/-8       ^-2