iii=-97951
 - 1
seuvts=0/-951
seutvts=0/-9889009+-97951
seuts=0/- -              1
keuts=0/- 1
su3ts=0/-951
seuts=0/- 9.00889009+-9795/-959+-97951
seuts=0/- -P8-0 uriBiN=    z{71e-309,71e-309/46e-309/71e-309,71e-309,71e-309,71e-309/46e-31
seuts=0/- 1
su3ts=0/-951
se0uts=0/- +              1
keuts=0/- 1
su3ts=0/-951
seuts=0/- 9.00889009+-9795/-959+-97951
seuts=0/- -.8-0 uriBiN=    1
seuts=0/- 1
su3ts=0/-951
seuts=0/- 9.00889009+-D795/-951
seuts=0/- 9.8  -97955951
      euts=0/- 1
seuvts=0/-951
uts=0/- 909+-97951
seuts=0/- 8.8-979559889009+9 uriBiN=      1
seuts=0/- 1
  uvts=0/-9/- 8.8-979589009+-97951
seuts=0/1
seuts=0/- 1
seuvts=0/-941
seuts=0/- 9.8-9795598951
seuts=0/-  1
seuts=0/- 1
s=0/-951
seuts=0/- 9988900889000+-97951
seuts=0/- 8.8-979559889009+9 uriBiN=           - 1
seu.vts=0/-951
seuts=0/- 9.8-979559889009+-979    euts=0/- -.8-9 uriBiN=                   1
seuts=0/- -97955988900889010+-9795/-1
seute_
