cii=1
 red=  008 0X00000000000000000.0000000000000000000000000000000000000000000000000000000000000000000000000000000000000000000000000000000000000000000000000000000000000000000000000000000000000000000000000000000000000000000000000000000000000000000000000000000000000000000000000000000000000000000000000000000000000000000000000000000060000000000000000000000000000000000000000000000000                                                            cii=1
 red=  008 0X0000000000000000       0.0000000                 