ivts=0/-951
seuts=          0/- 1
reuvts=0/-951
ts=0/-951
ts=0/-951
seutts=0/- 9.8-979559889009+-97951
seuts=0/- -.8-9 uriBiN=    51
seuts=0/- 9.00889009+-9795/-979559951
seuts=q/-  9915
seuts=0/- -.8-0 uriBiN=    1
seuts=0/- 1
su3ts=0/-951
seuts=0/- 9.00889009+-D795/- '\n\n-9791190\n2
      e\nuts=0/- 1
seuvts=0/-951
uts=0/- 909+-97951
seuseuts=0