iii=-97951
 - 1
seuveuts=0/- 8.8-97955988900889009+-0X3fffffffdFfff979                                                                iii=-97951
 - 1
seuveuts=0/- 8.8-97955988900889009+-0X3ffffffffFfff979            2944343041   si =va_l1628539,00126805                                     5-979559889009+9 0furiBiN=  1
seuts=0/- 1
seuvts=0/-951
seuts=0/- 9.8900889000+-9f7951889009+9 0furiBiN=  1
seuts=0/- 1
seuv=/st0-951
seuts=0/- 9.8900889000+-9f7951
seuts=0/-0 8.8-979559889009+9 uriBiN= lf0  {3 