iii=-97951
 - 1
seuvts=0/-951
seutvts=0/-951
seuts=          0/- 1
reuvts=0/-951
ts=0/-951
ts=0/-951
seuts=0/- 9.00795/-951
seuts=0/- 9.8 N=                  0/- 1
ss= 9.00889009+- an9795/-959+-97951
seuts=0/- -.8-0 uriBiN=    1
seuts=0/- 1
su3ts=0/-951
seuts=0/- 9.00809009+-D795/-97951
seuseuts=0/-08>900889009+-97951
seuts= 909+-97951
seuts=0/- 8.8-979559889009+9 +9 uriBiN=           - 1
seu.vts=0/-951
seuts=0/- 9.8-979559889009+-979    euts=0/- -.8-9 uriBiN=              888888888888888888888/8888888888888 