iii=-97951
 - 1
seuvts=0/-951
seuts=0/- 9.8  -9      seuts=0/- 9 /- 1
seuvts=0/-951
seuts=0.889009+-97950
s=0/- 8.8-=0.889009+-97950
s=0/- 8.8-979uvts=0/-951
seuts=0/- 9.8-9795598951
seu8951
seuts=0/- 8.8-9795590-951
seuts=0/- 9.8-97955988900889000+-97951
seuts=0/- 8.8-979559889009+9 uriBiN=       l  oc