iii=-97951
 - 1
seuvts=0/-951
seuts=0/- 9.8 euvts=0/-951
seuts=0/- 9.8-97955988559889009+9 uriBiN=                     1
seuts=0/- 1
seuvts=             1
seuts=0/- 1
seuvts=0/-951
seuts=0/          1
seu=0/-951
seuts=0/- 9.8+-97951
seuts=0/  -9795^59 uriBiN=   0/- 1
seuvts=0/-951
s6uts=0/-           - 1
seuvts=0/-951
seuts=0/- 9.8-97955989    euts=0/- 8.8-      1
seuts=0/- 1
s=0/-951
seuts=0/- 9.8697955988900889000+-979
seutsvts=0/-51
seuss=      1
   1
seuts=0/- 1 seuvts=0/-951
seu(((((((((ts=0/          1
seuts=0/- 1
weu     (          0/- 1 usiBiN=  1
se=0/-951
seus=          (          0/- 1 usiBiN=           1
seuts=0/- 1
seuvts=0/-951
seuts=0/- 9*559- 9.8-9795598951
3.5078660854729e-322tuss=0/- 9+ 1
seuts=0/- 1
seuvts=0/-951
seuts=0/- 9.8-0e_
