iia=-98888- 1
su3ts=0/-951
seuts=0/- 9.00889009+-9795/-959+-97951
seuts=0/- -.8-03849 uriBiN=    1
sexts=08888888888888888888888000010246154308174351930.0000000000000000000000000055800000000000000/- 1
su3ts=0/-951
seuts=0/- 9.00889009+-D795/-951f8-9 uriBs=     --[ 1
seu.vts=0/-951
seuts=0/- 9.89009+-9795/-959+-97951
seuts=0/- -.8-0 uriBiN=    1
s      