iii=-979559889009+-97951
seuts=0/- -.8-9 uriBiN=    51
seuts=0/- 9.00889009+-9795/-951
seuts=0/- 9.8  -97955851
      euts=0/- 1
seuvts=0/-951
uts=0/979559889/- 1
su3ts=0/-951
seuts=0/- 9.00889009+-9795/-959+-97951
seut_
