iia=-97951
 - 1
seuvts=0/51
seust=0/- 9.0088900900000000000055
ts=0/-951
seu=0/- 9.00889009+-   1
s      