fx=-88e-310   %i  f=-94-e310   %-88e-31