Ki=-1i       Vs=-1i
lofueprus=-1i
uevs=-1i
lofzue5ts=-zi        us=-000000000000000000000000000000000000000000000000000000000000000000999999900000000000000000000000099E1   <      .999   <         #00< 056.9999999999E000000000014 do local v,w; goto a; end; local x; ::a:: local y  -9.0004995