iii=-97951
 - 1
seuvts=0/-951
seutvts=0/-951
seuts=          0/- 1
reuvts=0/-951
ts=0/-951
ts=0/-951
seuts=0/- 9.00889009+-D795/-951
seuts=0/- 9.8 N=                  0/- 1
ss=0/-951
seuts=0/- 9.8-97950/- 8.8-97955983/- 1
s=0/-     0/- 11
seuvts=0/-951
ts=0/-951
seuts=0/- 9.8-979559889009+-97951
seuts=0/- -              1
keuts=0/- 1
su3ts=0/-951
seuts=0/- 9.00889009+-9795/-959+-97951
seuts=0/- -.8-0 uriBiN=    1
seuts=0888888888888888888888888888888888888888888888888888888888888888888888888888288888888888888888888888888888888888888888888888888888888888888888888888888888888888888888888888888888888888888888888888888888888888888888888888888888888888888888888888888888000000000000000000000000000713226315987390009.0000000000000000000000000000000000000000/- 1
su3ts=0/-951
seuts=0/- 9.00889009+-D795/-951
seuts=0/- 9.8  -97955951
      euts=0/- 1
seuvts=0/-951
uts=0/- 909+-97951
seuseuts=0/- 9.8-979559889009+-97951
seuts=0/- -.8-9 uriBiN=    51
seuts=0/- 9.00889009+-9795/-951
sets=0/-  1
seutsts=0/-951
ses=0/-9510/- 9.8-979559951
seuts=q/-               1
seuts=0/- 1
s=0/-951
seuts=0/- 9.8-9795598>900889009+-97951
seuts=0/- 0.559889009+9 uiN=                  0/- 1
ss=0/-951
seuts=0/- 9.8-97950/- 8.8-97955983/- 1
s=euts=0/- -              1
keuts=0/- 1
su3ts=0/-951
seuts=0/- 9.0088795/-951
seuts=0/- 9. N=                  0/- 1
ss=0/-951
sduts=0/- 9.8-97C950/- 8.8-97955983/- 1
s=0/-     0/- 11
seuvts=0/-951
ts=0/-951
seureduce_inptesuWW9889009+-97951
seuts=0/- -   "          1
keuts=0/- 1
su3ts=0/-951
seuts=0/- 9.00889009+-9795/-959+-97951
seuts=0/- -.8-0 uriBiN=    1
seuts=0/- 1
su3ts=0/-951
seuts=0/- 9.00889009+-D795/-951
seuts=0/- 9.8  -979559-979559889009+9 uriBiN=           - 1
seu.vts=0/-951
seuts=0/- 9.89009+-9795/-959+-97951
seuts=0/- -.8-0 uriBiN=    1
s      