c{    uts=  327;0    ,0000  ,np{      uts=699;1  ,0000000       ,0000    -inp{      uts=  .4444444;44000000001  ,000000 ,000000   -inp{    ut1s=8888888888;44000     ,000      ,kkkkp{       uts= 3:0000000    ,0000      ,   -inp{       uts=    -23;4000    ,00      ,000-i       -inp{  s=  4;4.40      ,000      ,0.    -inp{       uts=44444440  ,1,000000       ,-np{       uts=    4.44444444444;4400 ,0000  ,nYp{Uts=     x = t >= u and 2 or 1 end   ck(2, t, u)
  x = 0; for i=1,10 *   do x = not (t < u) and 2 or 1 end  ck(1, t, u)for i=1,100 do x = not (t <= u) and 2 or 1 end ck(1, u, t)
  x = 0; forx = not (t > u) and 2 or        k(2, u, 0000      ,   -inp{       uts=    -23;4000    ,00      ,000-i       -inp{  s=  4;4.40      ,000      ,0.    -inp{       uts=44444440  ,1,000000       ,-np{       uts=    4.44444444444;4400 ,0000  ,nYp{Uts=     x = t >= u and 2 or 1 end   ck(2, t, u)
  x = 0; for i=1,10 do x = not (t < u) and 2 or 1 end  ck(1, t, u)for i=1,100 do x = not)
  x = 0; for i=1,1009