iii=-97951
 - 1
seuvts=0/-951
s99999999999eseuts=0/- 9.00889009+-D795/-    51
seuts=0/- 9.00889009+-97iBiN=   Y_______    