cii=1
 red=  008 0X00000000000000000.00000000000000000000000000000000000000000000000000000000000000000000000000000000000000000000000000000000000000000000000000000000000000000000000000000000000000000000000000000000000000000000000000000000000000000000000000000000000000000000000000000000000000000000000000002FF7FFFFFFFFF000000000#00000000000000000000000000000.999000000000000000000000 e=1
