inputs= 66666666--------   ii=1
 reduce_inptWsuWW= 66666.6666666666-      2          W= 66666.6666666666-      2                           ----------
 reduce_inptWsuWW= 6                ii=1
 reduce_inptWsuWW= 66666.6666666666-      2                                ii=2
 redue_p1
