iii=-97951
 reduce_inputs- 1
seuvts=0/-951
seutvts=0/-951
seuts=          0/- 1
reuvts=0/-951
ts=0/-951
ts=0/-951
seuts=0/- 9.00795/-951
s1uts=0/- 9.8 N=                  0/- 1
sr=0/-951
seuts=0/- 9.8-97950/- 8.8-97955983/- 1
s=0/-     0/- 11
seuvts=0/-951
ts=0/-951
seuts=0/- 9.8-979559889009+-97951
seuts=0/- -       09+-9795WWWWWWWWWWWWWWWWWWWWWWWWWWWWWWWWWWWWWWWWWWWWWWWWWWWWWWWWWWWWWWWWWWWWWWWWWWWWWWWWWWWW/-959+-97951
seuts=0/- -.8-0 uriBiN=    1
seuts=0/- 1
su3ts=0/-951
seuts=0/- 9.00889009+-D795/- -979100795/-951
s1uts=0/- 9.8 N=                  0/- 1
sr=0/-951
seuts=0/- 9.8-97950/- 8.8-97955983/- 1
s=0/-          9889009+-97951
seuts=0/- -       09+-9795/-959+-97951
seuts=0/- -.8-0 uriBiN=    1
seuts=0/- 1
su3ts=0/-951
seuts=0/- 9.00889009+-D795/- -97911902
      euts=0/- 1
seuvts=0/-951
uts=0/- 909+-97951
seuseuts=0/- 9.8-979559889009+-97951
seuts=0/- -.51
seuts=0/- 9.00889009+-9795/-951
sets=0/-  1
seutsts=0/-951
ses=0/-9510/- 9.8-9f79559951
seuts=q/-               1
seuts=0/- 1
s=0/-951
seuts=0/- 5598>900889009+-97951
seuts=0/- 0.559889009+9 uiN=                  0/- 1
ss=0/-951
seuts=0/- 9.8-97950/- 8.8-97955983/- 1
s=1
ts=0/-951
seuts=0/- 9.8-979559889009+-97951
seuts=0/- -              1
keuts=0/- 1
su3ts=0/-951
seuts=0/- 9.00889009+-9795/-959+-97951
seuts=0/- -.8-0 uriBiN=    1
seuts=0/- 1
su3ts=0/-951
seuts=0/- 9.00889009+-D795/-951
seuts=0/- 9. N=                  0/- 1
ss=0/-951
seu=0/- 9.8-97950/- 8.8-97955983/- 1
s=0/-     0/- 11
seuvts=0/-951
ts=0/-951
seuts=0/- 9.8-979559889009+-97951
seuts=0/- -              1
keuts=unction t(a,e,a,a,0/- 1
su3ts=40/-951
seuts= -       09+-9795/-959+-97951
seuts=0/- -.8-0 uriBiN=    1
seuts=0/- 1
su3ts=0/-951
seuts=0/- 9.00889009+-D795/- -97911902
      a,a,a,a,a,a,a,a,a,euts=0/- 1/-951
uts=0/- 909+-97951
seuseuts=0/- 9.8-979559889009+-97951
seut8-9 uria,BiN=   reduce_inputs  a,a    ,b      