iii=-97951
 /- 0/-951
seuts=0.8-97955988989000800+-97951
seuts=0/- 8.889009+-97951
s=0/- 8.84979559889009+9 uri0+-97951
seuts=0/- 8.8-979559889009+9 uriBiN=       loc