iii=-97951
 - 1
seuvts=0/-951
seutvts=0/-951
seuts=      - 9.00889009+-9795/-951
sets=0/-  1
seutsts=0/-951
ses=0/-9510/- 9.8-979559951
seuts=q/-               1
seuts=0/- 1
s=0/-951
seuts=0/- 5598>900889009+-97951
seuts=0/- 0.559889009+9 uiN=                  0/- 1
ss=0/-951
seuts=0/- 9.8-97950/- 8.8-97955983/- 1
s=1
ts=0/-951
seuts=0/- 9.8-979559889009+-97951
seuts=0/- -              1
keuts= Y_______    