iii=-90/-0/- 9.00889009+-9/7-59951
sets=0/-  1
seutsts=0/-95008-0 uriBiN=    1
seuts=0/- 151
seuts=0/- 9.00889009+-D795/-7911902
      euts=0/- 1
seuvts=0/-951
uts=0/- 909+-97951
seuseuts=0