iits=0/- 9.00889009+-D7
seuts=0/- 9.00889009+fql51/suWW    t        