i=0  /ie{  tooovuz= -1.99999999999953, -1.99999999999954,  
 ooovuz= -1.utW