iii=-9789009+-9795/-959+-97951
seuts=0/- -.8-0 uriBiN=    1
seuts=0/- 1
su3ts=0/-951
seuts=0/- 9.00889009+-D795/- -97911902
      euts=0/- 1
seuvtAs=0/-951
uts=0/- 909+-97951
seuseuts=0/- 9.8-979559889009+-97951
seuts=0/- -.8-9 uriBiN=    51
seuts=0/- 9.00889009+-9795/-951
sets=0/-  1
seutsts=0/-90000000000000000000000000000=0/- 1
s=0/-951
seuvs=0/- 990889000+-97951
seuts=0/- 8.8-979559889009+9 uriBiN=           - 1
seu.vts=0/-951
seuts=0/- 9.8-979559889009+-979    euts=0/- -.8-9 uriBiN=               