iii=-97951
 - 1
seuveuts=0/- 0.8-979559889009+9 uiN=                  0/- 1
ss=0/-951
seuts=0/- 9.8-97950/- 8.8-97955983/- 1
s=1
ts=0/-951
seuts=0/- 9.8-979559889009+-97951
seuts=0/- -              1
keuts=0/- 1
su3ts=0/-951
seuts=0/- 9.00844504+-9795/-959+-97951
seuts=0/- -.8-0 uriBiN=    1
seuts=0/- 1
su3ts=0/-951
seuts=0/- 9.00889009+-D795/-951
seuts=0/- 9. N=                  0/- 1
ss=0/-951
seuts=0/- 9.8-97950/- 8.8-97955983/- 1
s=0/-     0/- 11
seuvts=0/-951
ts=0/-951
seuts=0/- 9.8-979559'\u{f889009+-97951
sts=0/- 9.8-9795598951
seuts=0/-  1
seuts=0/- 1
s=0/-951
seuts=0/- 9988900889000+-97951
seuts=0/- 8.8-979559889009+9 uriBiN=           - 1
seu.vts=0/-951
seuts=0/- 9.8-979559889009+f7ff}-979    euts=0/- -.8-9 uriBiN=               