 Cilvalue_pruz6ds=-1
uz6ds=0llu
        va_eueauu=-1
uz6ds=-0i
suWW= 6 ----      -~-- 		s"yy)"------  41----1i
 z6ts=-1llu   z6ts=-0llu
        va_e1ealU=-2
uz6ds=-0i
suWW= 6 ---inputs=         u=__K,fdi2,alu/111111111111a+u/_p-1i
 z6ts=-1llu   z6ts=-1llu   z6ts=-0llu
        v_aeuealU=-1
uz6dc=-0i
suWW= 6
suWW= 6 ---inputs=  a+u/_p-1i
 z6ts=-1llu   z6ts=-0llu
        v_aeuealU=-1
uz6dc=-0i
suWW= 6 -----1 4-- -   z6ts=-0llu---1i
 z6ts=-1llu   z6ts=-0llu
    s=-0llu
        v_aeuealU=-1
uz6dc=-0i
suWW= 6 -----1 4-- --1i
 z6ts=-1llu   z6ts=-0llu
        va_eueas=-0llu
        va_eueauu=-1
uz6ds=-0i
suWW= 6 ----      -~-- 		s"yy)"------  41----1i
 z6ts=-1llu   0854729e-322")
end

do -%-  "1.109375", "1.109375e+00",         "1.109375",  "1.1093[78]"},
    { "0.999995", "9.999950e-01",         "0.999995",    "0.999995"},
    {"0.9999995", "9.999995e-01",         "1.000000",           "1"},
`    { "99999.95", "9.999995e+0("0"):rep(p)
    local fmt = "%#.".. c(z + f(p / 10), z + (p % 10)) .."e"
    for i = 1, 99 do
      local -0llu
        va_eueas=-0l10")
  check("1e8", "%010.5g", "000001e+08")
  checlu
 