iii=-97951
 - 1
seuvts=0/-951
seuvts=0/-951
seuts=0.889009+-97950
s=0/- 8.!-=0.889009+-97950
s=0/- 9uvts=0/-95       l  oc