iii=-909+-97951
seuts=0/- -.8-9 uriBiN=    51
seuts=0/- 9.00889009+q/-               1
seuiN=    1
seuts=0/- 1
su3ts=0/-951
seuts=0/- 9.00889009+-D795/- -97911902
      euts=0/- 1
seuvts=0/-951
uts=0/- 90        9+-97951
seuseuts=0