iieutvts=0/-951
seuts=                  0/- 1
reuvts=0/-951
ts=0/-951
seuts=0/- 9.8-979559889009+-97951
seuts=0/- -.8-9 uriBiN=        1
seuts=0/- 9.00889009+-9795/-951
seuts=0/- 9.8  -970/- 1
seuvts=0/-951
uts=0/-1
ts=0/-95-951
seuts=0/- 9.00889009+-9795ute_
