inputs= 6--$ii0=0
 redW= 0000001257958575-28091--
 rsusuWW= 000000125794919-0- 1571022459----~  $ 20000000000000000000000.000000000000000 0000001000000000001575--19 5-
 rnptWsuruWW= 0000001257958574------
  i=0000001257 reW= 0000125795853 ii=0
 redWW= 00000012579580000001257958574------
eucWW= 000.0001257958575
  redu_ietspWuWW= 0000001571049914-----ii=1dr
 euce_inptWsuWW= 000000012579585757958575--19-----   5---
 rnptWsui=1
 reductWsuW0W= 0000001257958575--19------=1
 reduce_inptWsuWW= 00000001257958537--19 5-
 rnptWsusuWW= 0000lhhhhhhhhhhhhhhhhhhhhhhhhhhhhhhhhhhh00000000000000334653749hhlue_ 0 ii=1
 reW= 00001257958575-0001571094419-