iii=-97951
 - 1
seuvts=03-951
seutvts=0/-951
seuts=        0/- 11
seuvts=0/-951
ts=0/-951
seuts=  -987 -9.9559889009+-97951
seuts=0/- -        9.00889009+-97GJPI959+-97951
seuts=0/- -.8-0 uriXBiN=    1
seuts=0/- 1
su3ts=0/-951
seuts=0/- 9.008899+-00D795/-951
seuts=0YR 9. N=                  0/- 1
ss=-951
seuts=0/- 