--[[]]
s=0/-951
seuts=0/- 9.8697955988900889000+-979
seuts=0/-     1
seuvts=0/-951
seuts=0/3.5078660854729e-322- 0
0/-951=0/- 1
s[[]]