iieutvts=0/-951
seuts=          0/- 1
reuvts=0/- 1
seuvts=0/-951
uts=0/-1
ts=0/-951
seuts=0/- 9.8-979559889009+-9- 1
su3ts=0/-951
seuts=0/- 9.00889009+-9795/-951
seuts=0/- 9.8  -97955951
      euts=0/- 1
seuvts=0/-          1
seuts=0/- -97955988900889009+-9709+-97951
seuts=0/- -.8-9 uriBiN=                     1
seuts=0/- 1
su3ts=0/-951
seuts=0/- 9.00889009+-9795/-951
seuts=0/- 9.8  -97955951
      euts=0/- 1
seuvt55988900889000+SFHI51
seuts=0/- 8.8-979559889009+9 uriBiN=           - 1
seu.vts=0/-seute_
