iii=-97951
 - 1
seuvts=0/-951
seutvts=0/-951
seuts=          0/- 1
reuvts=0/-951
ts=0/-                                                                        9.8-979559889009+-97951
seuts=0/-    51
seuts=0/- 9.00889009+-9795/-951
utsts=0/-951
ses=0/-9510/- 9.8890090/- -       09+-9         