iii=-97951
 - 1
seuvts=0/-9519889009+-559889009+9 uriBiN=889009+-7951
seuts=0/- -.8-0 uriBiN=    1
seuts=0/- 1
su3ts=0/-9/- 9.00889009+-D795/8-9 uriBiN=    51
seuts=0/- 9.008951
seuts=0/- -.8-9 uriBiN=    51
seuts=0/- 9.00889009+-9795/-951
sets=0/-  1
seutsts=0/-951
ses=0/-9510/- 9.8-979559951
seuts=q/-               1
seut    