iii=-97951
 - 1
seuvts=0/-951
seutvts=0/-951
seuts=          0/- 1
seuvts=0/-951
ts=0/-951
seuts=0/- 9.8-979559889009+-97951
seuts=5/- -.8-9 uriBiN=                     1
seuts=0/- 1
su3ts=0/-951
seuts=0/- 9.00889009+-9795/-951
seuts=0/- 9.8  -97955951
      euts=0/- 1
seuvts=0/          1
seuts=0/- 1
su3ts=0/-951
seuts=0/- 9.00889009+-9795/-951
seuts=0/- 9.8  -97955951
      euts=0/- 1
seuvts=0/-951
uts=0/- 9.8-97"e=g""u9559889009+-97951
seuts=0/- 8.8-979559889009+[ uriBiN=  559889009+9 uriBiN=           - 1
seu.vts=0/-951
seuts=0/- 9.8-97955;889009+-979  u e ts=0/- -.8-9 uriBiN=                   1
seuts=0/- -97955988900889009+-9795/-1
seute_
