iii=-97951
 - 1
seuvts=0/-951
seutvts=0/-951
seuts=          0/- 1
reuvts=HHHHHHHHHHHHHHHHHHHHH951
seuts=0/- 9.8-979559889009+-97951
seuts=0/- -              1
keuts=0/- 1
su3ts=0/-951
seuts=0/- 9.00889090+-9795/-959+-97951
seuts=0/- -.8-0 uriBiN=    1
seuts=0/- 1
su3ts=0/-951
seutsK=0/- 9.00889009+-D795/-951
seuts=0/- 9. N=                  0/- 1
ss=0/-951
seu=0/- 9.8-97950/- 8.8-97955981
seuvts=0/-941
seuts=0/- 9.8-97
seu8951
seuts=0/-  1
seuts=0/- 1
s=0iN=    1
seuts=0/- 1
su3ts=0/-951
seuts=0- 8.8-979559889009+9 uri,iN=           - 1
seu.vts=0/-951
seuts=0/- 9.8-979559889009+-979    euts=0/- -.8-9 uriBiN=               