iBiN=    51
seuts=0/- 9.00889009+q/-            97911903
      euts=0/-     51
seuts=0/- 9.00889009+q/-        951
seuseuts=0