inputs= 66666666-----------
 redW= 66666.6666666666-      2     uWW= 66666.6666666666-      2                            ---------
 reduce_inptWsuWW= 6666666666666665---------- --  ~ ----------                                                   nptWsuWW=suWW= 66666666666666>66                                   ii=1
 reduce_inptWsuWW= 66666.6666666666-      2     uWW= 66666.6666666666-      2                            ---------
 reduce_inptWsuWW= 6666666666666665---------- --  ~ ----------                                         ii=1
 reduce_inptWsuWW= 6666666>66                                   ii=1
 reduce_inptWsuWW= 66666.6666666666-      2                           -- reduce_inptWsuWW= 6666666666666665---------- --  ~ ----------        ii=1
 reduce_inptWsuWW= 66666.6666666666-      2                           ----------
 reduce_inptWsuWW= 6666666666666665---------- --        w                        ii=1
 reduce_inptWsuWW= 33333333333333>66---               ii=1
    uce_inptWsuWW= 6666666>66                                   ii=1
 reduce_inptWsuWl= 66666.6666666666-      2                           -- reduce_inptWsuWW= 6666666666666665---------- --  ~ ----------        ii=1
 reduce_inptWsuWW= 66666.6666666666-      2                           ----------
 reduce_inptWsuWW= 66666666666