ii=1
i=0
sUo=EEEo,oEGK,-1.99999999999999982  ,o,-0.999999