(2<0000000000000000000000000000092550000000000000000000000000000000000000000000000000000000000000000000000000000000000000000000000000000000000000000008888880000000000000000000000000000000000000000000000000000000000000000000000000000000000000000000000000000000000000000000000000000000000000000000000000000000000000000000009255992233720399990000000000000000000000000000000000000000000000000000000000000000000000000000000000000000000000000000000000000000000000000000000000000000000000000000000000000000000000000000000000000000000000000000000000000000000000000000000000000000000000000000000000000000000000000000000000000000000000000000000000000000000000000000000000000000000000000000000000000000000000000000000000000000000000000000000000000000000000000000000000000000000000000000000000000000000000018446744073709551615*0000000000000000000.0000 9.8  -9795        seuts=0/- 9.8-     1
seuts=0/- 1
seuvts=0/-951
seuts=0/- 9.8-979559889009+-971
seuts=01
seuts=0/- 9.8  -97955951seuts=0/- 9.8-9- 1
s=0/-951
seuts=0/- 9/- 9.8-9797951
s=0/- 8.8-97049!909 0000000000000000000000000000000000000000000000000000000000000000000000000000000000000000000000000000000000000000000000000000000000000000000000000000000000000000000000000000000000000000000000000000000000000000000000000000000000000000000000000000000000000000000000000000000000000000000000000000000000000000000000000000000000000000000000000000000000000000000000000000000000000000000000000000000000000000000000000000000000000000000000000000000000000000000000000000000000000000000000000000000000000000000000`00000000000000000000000000000000000000000000L000000000000000000000000000.000000000000000000000000000000000000-0000000000000000000000000000000040000000000000000000000000000000000000000000000000000000000000000000000000000000000000000000000000000000000000000092559922337203999900000000000000000000000000000000000000000000000000000000000000000000000000000000000000000000000000000000000000000000000000000000000000000000000000000000000000000000000000000000000000000000000000000000000000000000000000000000000000000000000000000000000000000000000000000000000000000000000000000000000000000000000000000000000000000000000000000000000000000000000000000080000000000000000000000000000000000000000000000000000000000000000000000000000000000000000000000000000000000009000000000000000000000000000000000000000000000000000000000000000000000000000000000000000000000000000000000000000000000000000000.00000000000000000000000000000000000000000400000000000000000000000<=