iii=-97951
 - 1
seuvts=0/-951
seutvts=0/-951
seuts=    - 1
su3i=-97951
 - 1
seuvts=0/-951
seutvts=0/-951
seuts=    - 1
su3ts=0/-951
seuts=0/- 9.00889009+1
seuts=0/- 9.00889009+-9795/-951
sets=0/-  1
seutsts=0/-951
ses=0/-9510/- 9.8-979559951
seuts=q/-      -9 uriBiN=   Y_______    