iieutvts=0/-9515551
seuts=0/- -  1
seuts=0/- 9.00889009+-9.8  -970/- alue_roal5e_pro1
seuvts=0/-951
uts=0/-1
ts=0/-95-951
seuts=0/- 9.00889009+-9795ute_
