function t()do function f()end end
N= nd
functionts=0/-951
       ts=0/- 9.00889009+-D795/-9510/-951
seuts=0/- 9.008890090)end