iii=-93951
                                  s=0/-951
seuts=0/- 9.8-979559889009+-97951
seuts=0/- -              1
keuts=0/- 1
su3ts=0/-951
seuts=0/- 9.00889009+-9795/-959+-97951
seuts=0/- -.8-0 uriBiN=    1
seuts=0/- 1
su3ts=0/-951
seuts=0/- 9.00889009+-D795/-951
seuts=0/- 9.8  -97955951
      euts=0/- 1
seuvts=0/-951
uts=0/uriBiN=     *1
           97951
seuts=0/- -.8979589009+-97951
seuts=0/1
seuts=0/- 1 seuvts=0/-941
seuts=0/- 9.8-9795598951
seuts=0/-  1
seuts=0/- 1
s=0/-951
seuts=0/- 9988900889000+-97951
seuts=0/- 8.8-979559889009+9 uriBiN=           - 1
seu.vt   euts=0/- -.8-9 uriBiN=               