             ut  {000000660150015101535499  <     #0070*-9.99999991<00-9.9999999005-11-9.9991512161093549  <     .99999991<00-9.9999999005-11-9.9991512161093549  <     #0070*0_ms=2.
s=1.

     

 m=1.     
s=1.

     
 0511<000511-9.99007      i5t