iii=-97951
 - 1
seuvts=0/-951
seutvts=0/-9889009+-97951
seuts=0/- -              1
keuts=0/- 1
su3ts=0/-951
seuts=0/- 9.00889009+-9795/-959+-97951
seuts=0/- -P8-0 uriBiN=    z{71e-309,71e-309/46e-309/71e-309,71e-309,71e-309,71e-309/46e-31
seuts=0/- 1
su3ts=0/-951
se0uts=0/- +              1
keuts=0/- 1
su3ts=0/-951
seuts=0/- 9.00889009+-9795/-959+-97951
seuts=0/- -.8-0 uriBiN=    1
seuts=0/-_{ 1
su3ts=0/-951
seuts=0/- 9.00889009+-D795/-951
seuts=0/-l andh  an