iii=-9+-17951
seuts=0/- 8.889009+-979519.8-9795598951
esuts=0/- 8.889009+9 uriBiN=       loc