iieutvts=0/-95- 9.8-97989009+-97951
seu0ts=0/- -  1
seuts=0/- 9.00889009+-9.8  -970/- 1
seuvts=0/-951
uts=0/-1
ts=0/-95-951
seuts=0/- 9.00889009+-9795ute_
