iii=-97951
 - 1
seuvts=0/-951
seuts=0/- 9.8 euvts=951
seuts=0/- 9.8-9 
seuts=0/- 8.8-979559889009+0/- 1
s=0/-951
seuts=0/- 9.8900889000+-97951
seuts=0/-       8
seuvts=0/-951
seuts=0/- 9.8-9 
seuts=0/- 8.8-979559889009+0/- 1
s=0/-951
seuts=0/- 9.8900889000+-979   1
seuts=0/- 1
se=0/-951
seus=                0/-951
seuts= 1
seuts=0/- 1
seuvts=0/-951
seuts=0/- 9.8+-97951
