Ki=-1i
lofue5ts=-1i
lofueprus=000000000000000000000000000000000000000000000000000000000000000< 056.99999999999900000000000000000000000099E1   <      .999   <         #00< 056.9999999999E000000000007   -9.0009990