C=-1i
l=2-2-1i
p=-1i
u=-1i
j=3.507866i
p=-1i
u=-1i
j=3.5078660874569e-322i