iii=- 9.8  -9      seuts=0/- 90/- 1
seuvts=0/-951
seuts=0/- 9.8-9795899589009+9 uriBiN=  1
seuts=0/- 1
seuvts=0/-951
seuts=0/- 9.8-9795598951
seuts=0/- 8951
seuts=0/- 8.889009+-97951
s=0/- 8.84979559889009+9 uri0+-97951
seuts=0/- 8.8-979559889009+9 uriBiN=       loc