 i0X3fffff=0/-  2^996-8-2-4
- 1
seuvts=0/-951
seuts=0/- 8.889009+-97951
seuts=0/- 8.8-979559889009+9 uriBiN=                     1
seuts=0/- 1
s=0/-951
seuts=0/- 9. 8.8-9795590-951
seuts=0/- 9.8-97955988900889000+-97951
seuts=0/- 8.889009+-97951-979559889009+9 uriBiN=  1
seuts=0/- 1
seuvts=0/-951
seuts=0/- 9.8-9795598951
seuts=0/- 8.8-979559889009+9 uriBiN=                     1
seu2[i;) end
end

local o  foo1(.33string.zha