iii=97951
 - 1
seuvts=0/-951
seutvts=0/-951
seuts=          0/- 1
reuvts=0/-951
ts=0/        -951
seuts=0/- 9.8-979559889009+-97951
seuts=0/- -.8-9 uriBiN=    51
seuts=0/- 9.00889009+-9795/-951
seuts=097955951
      euts=0/- 1
seuvts=0/-951
uts=0/979559889009+-97951
seuts=0/- -              1
keuts=0/- 1
su3ts=0/-951
seuts=oBoooooooooooooooou0/- 9.00889009+-9795/-959+-97951
seuts=0/- -.8-0 uriBiN=    1
seuts=0/- 1
su3ts=0/-951
seuts=0/- 9.008- 7955951         seuts=0/- 1
seuvtuts=0/- 9.8-9795598951
seuts=0/- 8.8-o[-29795]5980/- 1
s=0/-951