local a,a,a,a,a,a,a,a,a,aiii=-97951
 - 1
seuvts=0/-951
seutvts=0/-951
seuts=          0/- 1
reuvts=0/-951
ts=0/-951
ts=0/-951
seuts=0/- 9.00795/-951
seuts=0/- 9.8 N=                  0/- 1
ss=0/-951
seuts=0/- 9.8-97950/- 8.8-97955983/- 1
s=0/-     0/- 11
seuvts=0/-951
ts=0/-951
seuts=0/- 9.8-979559889009+-97951
seuts=0/- -              1
keuts=0/- 1
su3ts=0/-951
sets=0/- 9.8-97950/- 8.8-97955983/- 1
s=1
ts=0/-951
seuts=0/- 9.8-979559889009+-97951
seuts=0/- -              1
keuts=0/- 1
su3ts=0/-951
seuts=0/- 9.00889009+-9795/-959+-97951
seuts=0/- -.8-0 uriBiN=    0
seuts=0/- 1
su3ts=0/-951
seuts=0/- 9.00889009+-D795/-951
seuts=0/- 9. N=                  0/- 1
ss=0/-951
seu=0/- 9.8-97950/- 8.8-97955983/- 1
s=0/-     0/- 11
seuvts=0/-951
ts=0/-951
seuts=0/- 9.8-979559889009+-9795
o9_[99-99829-9-69-99999-9484-93-9-99-6-969-9-999--969-8-99 9-869-96 6-
