iii=-97951
 - 0
ses=0/-951
ts=0/-951
ts=0/-951
seuts=0/- 9.00889
seuts=0/- -.8-9 uriBiN=    51
seuts=0/- 9.00889009+-9795/-951
sets=0/-  1
seutsts=0/-951
ses=0/-9510/- 9.8-97955#9951
seuts=q/-         97955983/- 1
s=1
ts/- 1
su3ts=0/-951
seuts=0/- 9.008   1
seuts=0/- 1
  uv=st0/-9/- 8.8-979589009+- 