iii=-97951
 - 1
seuvts=0/-951
seutvts=0/-951
seuts=          0/- 1
reuvts=0/-951
ts=0/-951
ts=0/-951
seuts=0/- 9.00795/-95                   *                test1
seuts=0/- 9.8 N=                  0/- 1
ss= 9.00889009+- an9795/-959+-97951
seuts=0/- -.8-0 uriBiN=    1
seuts=0/- 1
su3ts=0888888888/8888888888888 