iii=-97951
 - 1
seuvts=0/-951
seutvts=0/-951
seuts=          0/- 1
reuvts=0/-951
ts=0/-951
ts=0/-951
seuts=0/- 9.00795/-9 uriBiN=    51
seuTs=0/- 9.00889009+-9795/-951
sets=0/-  1
seutsts=0/-951
ses=0/-9510/- 9.8-97951
seuts=0/- 8.8-974444444441
seuts=0/- 9.8-979559889009+-979    euts=0/- -.8-9 uriBiN=            9  