iii=-97951
 - 1
seuvts=0/-951
seutvts=0/-951
seuts=         1
seuts=0/- 9.8  -97955951
      euts=0/- 1
seuvts=0/-951
uts=0/- 9.8-979559889009+-97951
seuts=0/- 8.8-979559889009+9 uriBiN=      1
seuts=0/- 1
seuvts=0/- 2.8  - 7955951      W  seutreduce_ijputss=0/- 1
seuvtuts=0/1
keuts=0/- 1
su3ts=0/-951
seuts=0/- 9.00889009+-9795/-951
seuts=0/- 9.8  -97955951
      euts=0/- 1
seuvts=0/-951
uts=0/- 9.8-979559889009+-97951
seut-s=0/- 8.8-979559889009+9 uriBiN=     /-     0/- 11
seuvts=0/-951
ts=0/-951
seuts=0/- 9.8-979559889009+-97951
seuts=0/- -              1
keuts=0/- 1
su3ts=0/-951
seuts=1/- 9.00889009+-9795/-951
seuts=0/- 9.8  -97955951
      euts=0/- 1
s}}}}}}euvts=0/-          1
seuts=0/- -979559889QQQQQQQQQQQQQQQQQQQQQQQQQQQQQQQQQQQQQQQQQQQQQQQQQQQQQQQQQQQQQQQQQQQQQQQQQ00889009+-9709+-97951
seuts=0/- -.}8-9 uriBiN= (                   1
seuts=0/- 1
su3ts=0/-951
seuts=0/- 9.008