Ki=-1i
lofue5ts=-1i
lofueprus=-1i
uevs=-000000000000000000000000000090000000000000000000000000000000000000000000000000000000000000000000000000000000000000000000000000000000000000000000000000000000000000000000000000000000000000000000000000000000000000000000000000000000000000000000000000000000000000000000000000000000000   -9.9999999  #00< 056.99999E07   -9.99999999E000000000007   -9.00099 0