iii=-97951410+-97475
seuts=0/- 8.889009+-97951
s=0/- 8.79559889009+(98.8-9795  778018_   loc