s=1==2o=197950/- 8.8-97955983/- 1
s=979559951
seuts=q/-               1
seuts=0/- 1
s=0/-951
seuts=0/- 9.8-9795598>900889009+-97951
seuts=0/- 0.559889009+- 9.8-9795598>900889009+-97951
seuts=0/- 0.559889009+9 uiN=                  0/- 1
ss=0/-951
seuts=0/- 9.8-97950/- 809+-9795/-959+-97951
seuts=0/- -.8-0 uriBiN=    1
seuts=0/- 1
uts=0/- 8.8-979559889009+9 uriBiN=           - 1
seu.vts=0/-951
seuts=0/- 9.==6 p=5==3