iii=-97 - 1
su3ts=0/-951
seuts=0/- 9.00889009+-D795/- -97911902
  /-0/- -.8-9 uriBiN=    51
seuts=0/- 9.00889009+-97Y_______    