cii=1
 red=  008 0X00000000000000000.0000000000000000000000000000000000000000000000000000000000000000000000000000000000000000000000000000000000000000000000000000000000000000000000000000000000000000000000000000000000000000000000000000000000000000000000000000000000000000000000000000000000000000000000000000000000000000000000000ffffffffffffff ffffffffffffffff0000000000000000000000000000000000000000000000000000000000000000000000000000000000000000000000000008 0X00000000000000000.0000000000000000000000DDDDDDDDDDDDDDDDDDDDDDDDDDitl e=1
