iii=-9789009+-9795/-959+-97951
seuts=0/- -.8-0 uriBiN=    1
seuts=0/- 1
su3ts=0/-951
seuts=0/- 9.00889009+-D795/- -95823804
      euts=0/- 1
seuvts=0/-9/1
uts=0/- 909+-97951
seuseuts=0/- 9.8-979559889009+-97951
seuts=0/- -.8-9 uriBiN=    51
seuts=0/- 9.00889009+-9795/-951
sets=0/-  1
seutsts=0/-951
ses=0/-9510/- 9.8-979559 1
seu.vts=065/-951
seut979    euts=0/- -.8-9 uriBiN8=               