iis= 51
seuts=0/- 9.0088900900000000000051
seuts=0/- 9.00889009+-   1
s      