iii=979519889009+-97951
seututs=0/- 9.008890098-9 uriBiNseuts=0/- 9.00889009/979559889009+-97951
seuts=0/-0/-uvtuts=0/- 9.8-9795598951
seuts=0/- 8.8-o[-29795]5980/- 1
s=0/-95R