cii=1
 red=  008 0X00000000000000000.000000000000000000000000000000000000000000000000000000000000000000000000000000000000000000000000000000000000000000000000000000000000000000000000000000000000000000000000000000000000000000000000000000000000000000000000000000000000000000000000000000000000000000000001FF7FFFFFFFFFFF00000000000000000000000000000000000000000000000000000000000000000000000000000000000000000000002FF7FFFFFFFFFFF000000000000000000000000000000000000000000000000000000000000000000000#000000000000000000000000000000000000000.999000000000000000000000330bbbb19581    vsmcii e=1
