fx=-88e-310   %i  f=-94-e3-88e-31