iii=-97 - 1
su3ts=0/-951
seuts=0/- 9.00889009+-D                      iBiN=    51
seuts=0/- 9.00889009+-97Y_______    