iii=-909+-97951
seuts=0/-0/- 9.00889009+q/-            97911902
      euts=0/-     51
seuts=0/- 9.00889009+q/-        951
seuseuts=0