a=0/-9-1
t=0/-53.5078660-1
t=0/-53.507866085         
$W_8