s=0/-951
seuts=0/- 8.23977975 s=0/-   -97955  seuts=0/- 9.89509/-9020/- 9.8@-        9+97   979 uri =iB #     loc