fx=-94-e330   %-88e-310   %i  f=-94-e310   %-88e-31