cii=1
 red=  008 0X00000000000000000.00000000000000000000000000000000000000000000000000000000000000000000000000000000000000000000000000000000000000000000000000000000000000000000000000000000000000000000000000000000000000000000000000000000000000000000000000000000000000000000000000000000000000000000000000000FF7FFFFFFFFFFF000000000000000000000000000000000000000000000000000000000000000000000000000000000000000000000000000000000000000000000000000000000000000000000000000000000000000000000000000000000000#00000000000000000000000000000000000000000000000000000000000000000000000000000000000000000000001FFFFFFFFFFFFF0000000000000000000000000.999000000000000000000000330bbbb19581    vsmcii e=1
