fx=-88e-310   %i  f=-93-88e31