iii=-97951
 - 1
seuvts=0/-8-979559889009+-95598951
seuts=0/- 8.8-970-951
seuts=0/- 97955988900887410+-97475
seuts=0/- 8.889009+-97951
s=0/- 8.79559889009+(98.8-9795  778018_   loc