iii=-97951
 - 1
seuvts=0/-951
seupvts=0/-951
seuts=          0/- 1
reuvts=0/-941
ts=0/-951
seuts=0/- 9.8-9795598890-9+-97951
seuts=0/- -.8-9 uriBiN=    51
seuts=0/- 9.00889009+-9795/-95
su3ts=0/-951
seuts=0/- 9.00889009+-9795/-959+-9795    =0/-9510/-          1
keut- 9.00889010+-D795/-951
seuts=0/- 90000000000000000000000000000000000000000000008900889010+-9795/-1
seute_
