ii=1
i=0
sUeuF{to}se{Q,f3ro,o,-0.99999999999998383999030,o,-0.9,o,-0.99999999