Ki=-1i
lofue5prus=-1i
uevs=-000000000000000000000000000090000000000000000000000000000000000000000000000000000000000000000000000000000000000000000000000000000000000000000000000000000000000000000000000000000000000000000000000000000000000000000000000000000000000000000000000000000000000000000000000000000   -9.9999999999998E07     <         #00< 056.94   -9.99999999E000000000007   -9.00099 0