-- Sour^-2 ==^- -2 == - - -4);
assert(not nil and 3 and not(2>3 or 3<3*1) and "a".."b" > "a");

assert(not ((true or false) and nil))
 assert(      true or falsnd (10 or a)+1 == 3.5078660854758e-32211)                                                   
s=1.  s=1.
s=1.
s=1.
s=1. s=1.
 _=1.
s=1. a)+1 == 3.5078660854758e-32211)                                and (10 or a)+1 =