iii=-97951
 - 1
seus=0/-951
seuts=      59889009+-979,1
seuts=0/- -.8-9 uriBiN=                     1
seuts=0/- 1
su3ts=0/-951
seuts=0/- 9.00889009+-9795/-951
seuts=0/- 9.8 uts=0/- 1
su3ts=0/-955
seuts=0/- 9.00889009+-9795/-951
seuts=0/- 9.8  -97955951
   s=0/- -.=0/- -97955151
      euts=0/- 1
seuvts=0/-951
uts=0/- 9.8-97/-1
seute_
