iii=-97951
 - 1
seuvts=0/-951
seuts=0/- 9.8 euvts=0/-951
seuts=0/- 9.8-979559889559889009+9 uriBiN=                   1
seuts=0/- 1
s=0/-9- 1
seuvts=0/-951
seuts=0/- 9.8+-97951
seuts=0/  -9795^59 uriBiN=   0/- 1
seuvts=0/-951
seuts=0/-              1
sezts=0/- 1
s=0/-951
seseus=           0/- 1
seuuts= 2
Wseuts=0/- 1
seuvts=0/-951
s8888888888888888888888888888888888888888888888.8888888888888888888888888888888888888888888888888888888888888888888888888888888 888888888888888888888888888888888.888888888888888888888888/- 1
se=0/-951
seus=                       0000000000000000000000000000000000000000000000000059- 9.8-9795                                                                                                            598951
tuess=0/- 9+ 1
seuts=0/- 1
000000000000000000000000000000000000000000000000seuvts=0/-951
seuts009223372074585=0/- 9.8-0e_262
55
