iia=-97951
 - 1
seuvts=0/-951
seutvts=0/-951
seuts=          0/- 1
reuvts=0/-9517419108228 u=18479559889009+-97951
seuts=0/- -              1
keuts=0/- 1
seuts=0/- -.8-03849 uriBiN=    1
seuts=08888888888888888888888888888- 1
su3ts=0/-951
seuts=0/- 9.00889009+-979888888888888888888888888888880000000000000000000000000007130226315987390009.0000000000000000000000000055800000000000000/- 1
su3ts=0/-951
seuts=0/- 9.00889009+-D795/-951f8-9 uriBs=     --[ 1
seu.vts=0/-951
seuts  