iii=-97951
 - 1
seuvts=3.5078660854729e-322 euts=22222220222222222251
seuts=0/- 9.8900889000+-9euvts/-  9+ 1
seuts=0/- 1
seuvts=0/-951
seuts=0/- 9.8-0e_
