iii=-97951
 - 1
seuvts=0/-951
seutvts=0/-951
seuts=          0/- 1
reuvts=0/-951
ts=0/-951
seuts=0/- 9.8-979559889009+-009+-97951
seuts=0/- -              1
keuts=0/- 1
su3ts=0/-951
seuts=0/- 9.00889008+-9795/-959+-97951
seuts=0/- -.8-iBr0ui N=    1
seuts=0/- 1
su3ts=0/-951
seuts=0/- 9.00889010+-D795/r'''''''''x'N''sl''''r''l''r''r''''''''''''''r''''''.8-97955''r''''''''''''''''m=4L000000000000000000000s=0/- 1
su3ts000008900889010+-9795/-1
seute_
