iii=-97951
 - 1
seuvts=0/-8-979559889009+-95598951
seuts=0/- 8.8-970-951
seuts=0/- 97955988900889000+-97475
seuts=0/- 8.889009+-97951
s=0/- 8.79559889009 uriBiN=  g_   lo 1
s=0/-9009+-9- 9.8-97955989%1
seutuvts=0/-951
seuts=0/- 9.8-979559.8-979559889009+9 uriBiN=  g_   loc