input=          8888888888888888888888888000000000000000000000000000000000000000000000000000000000000000000000000000000000000000000000000000000000000000000000000000000000000000000000000000000000000000000000000000000000000000000000000000000000000000000000000000000000000000000000000000001099929015.88888888888888888888888888888888888888888888888888888888888888888888888880000000000000000000000000000000000000000000          000000000000000000000000000000000000000000000000000000000000000000000000000000000000000000000000000000000000000000000000000000000000000000000000
s=-0
C=-0
000000000000000000000000000000000000000000000000000000000000014734432178523865089 8888888888888888888888888888888888888888888888888888888888888888888888888888888888882888888888888888888$88888888888888888888888]777777776.88888888888888888888888885555555555555555555555555550000000000000000000000000000000000000000008000000000000000000000000000000000000000000000000000000000000000000000000000000000000000000000088888