vn[[f \]]i[[[f ]]i[[ff          1
keuts=0/-97950/- 8.8-97955980/- 1
qqqqqqqqqqqqqqqqqqqqqqqqqqqqqqqqqqqqqqqqqqqqqqqqqqqqqqqqqqqqqqqqqqqqqqqqqqqqqqqs=0/-     0/- 11
seuvts=0/-951
ts=0/-951
seuts=0/- 9.8-979559889009+-97951
seuts=0/- -.8-9 uriBiN=    1
seuts=0/- 1
su3ts=0/-951
seuts=0/- 9.00889009+-97
seuvts=09-/=/ ].8-97955988900889009+-97951
seuts=0/1
seuts=0/- 1
seuvts=0/-941
seuts=0/- 9.8-9795598951
seuts=0/-  =0/-951
seuts=0/- 9.00889009+-9jjjjjjjjjjjjjjjjjjjjjjjjjjjjjjjj  1
seutss=0/-9/- 8.8-979589009+-97951
seuts=0/1
seuts=0/- 1
seuvts_{lu=0B1,0[[f ]]i[[ 0][f ]]i[[f \]]i[[[  ]]i[[f .][f ]]i  i[[i][\f] [,o,o331,o33333332;ro,l,o,oo,f333A33333r]i[