ii=0
seuts=0/- 2.8598890  eeeeeepeeets=0/- 2.8598890  eeeeeeeeeeee %97