snl<-0<-0<-1