         si_{alue_pro,o,f1l393332;ro3332;ro,o_=0B111111111111111111111111111111111111111111111111011111111111111;333,o33,f3333;333,o3333332;ro_=0B111111111111111111111111111111111111111111111111011111111111110;3332;ro,o_=0B1111011111111111110,o_=0B1111111111111111111111+1111111911111111111111111011111111111110;333,o333333o,f3333;333,o3333332;ro3332;ro,o_=0B111111111111111111111111111111111111111111111101111111111111110;33,o3333332;ro3332;ro111111111111111111111111!1111111111111111111011111111111110;333333332;ro3332;roo_=0B111111111111111111111111111111111_,_,_,_,_,  nd local _,_,_,_                                                                            ,_,_,_,O,O,_ goto000000000012861834301395841479;333,o11111111111111111111111111111011111111111110;3332;ro,o,o,o,f3333;333,o3333332;ro,o_=0B111111111111111FN111111111111111111111 111111111011111111111110;333,o3333;333,o3333332;ro_=0B111111111111111111111111111111111111111111111111011111111111110;3332;ro,o_=0B111111111111111111111.11111111111111111111111111011111111111110;333,o,f3333;333333332;ro,o,o,o,3,o3333332;ro,o_= 0l''Qr1111111111111111111111111111111111111111)11101011111111111 0,o_=0B111111111111111111111111111011111111111110;3332;ro,o_=0B111111111111111111111111111111111111111111111111011111110111110;333,o,f3101132;ro111111111 11111111111111111111111111111111111011111111111110;333333332;ro3332;roo_=0B111111111111111111111111111111111111111111111111011111111111110;333,o11111111111111111111111111111011111111111110;3332;ro,o,o,o,f3333;333,o3333332;ro,o_=0B111111111111111FN111111111111111111111 111111111011111111111110;333,o3333;333,o3333332;ro_=0B1111111111111111111111111111111111111111111111110111 1111111110;3332;ro,o_=0B111111111111111111111.11111111111111111111111111011111111111110;333,o,f3333;333333332;ro,o,o,o,3,oooooooooonooou 0l''Qr1111111111111111111111111111111111111111)11101011111111111 0,o_=0B111111111111111111111111111011111111111110;3332;ro,o_=0B11111111111111111111111111111111111111111111111101111111011
seus=       1
seuvt11110s=0/-951
seuts=0/;33,- 9.8-0e_
B111