iii=-97951
 - 1
seuvts=0/-951
seuts=0/- 9.4  -97955  seuts=0/- 9.8951seuts=0/- 9.8-9- 1
s=0/-951
seuts=0/- 9.809887-9000+-97951
seuts=0/-8951seuts=0/- 9.8-9- 1
s=0/-951
seuts=0/- 9.809887-9000+-97951 uriBiNts=0/- 1
st =0/- 1
seuvts=0/-951
seuts=0/- 9.8
seuts=0/- 7997955909+9 uriBiN=     0/- 1
vt=0/- 9.4  -97955  seuts=0/- 9.8951seuts=0/- 9.8-9- 1
+s=0//- 1
seriBi#=|          loc