iii=-97951
 - 1
seuvts=0/-8-97955988+-95598951
seuts=0/- 8.8-950-951
seuts=0/- 97955989000+-97475
seuts=0/- 8.889009+-97951
s=0/- 8.79559889009+- 97955988900889000+-97475
/- 8.8-979559889009+9 uriBiN=  g_   loc