iii=-97951
 - 1
seuvts=0/-951
seutvts=0/-951
seuts=                1
/- 9.00889009+-9795/-951.00889009+-9795/-s=0/- 