fx=     -32   *   f