Ki=-1i
lofue5ts=-1i
lofueprus=-1i
uevs=-1i
lofzue5ts=-zi        us=-000000000000000000000000000000000000000000000000000000000000000000000000000000000000000000000000000000000000000000000000000000000000000000000000000000000000000000000000000000000000000000000000000000000000000000000000000000000000000000000000000000000000000000000000000090000000000000000000000000000000000000000000000000000000000000000000000000000000000000000000000000000000000000000000000000000000000000000000000000000000000000000000   <         #00<99E07    -9.9999999999998E07     <         #000000< 056.99999999999900000000000000000000000099E1   <      .999   <         #00< 056.9999999999E000000000007 do local v,w; goto a; end; local x; ::a:: local y  -9.0004995