iii=-97951
 - 1
seuvts=0/-951
seutvts=0/-951
seuts=          0/- 1
reuvts=0/-951
ts=0/-951
ts=0/-951
seuts=0/- 9.00889009+-D795/-951
seuts=0/- 9.8 N=                  0/- 1
ss=0/-951
seuts=0/- 9.8-97950/- 8.8-9795500 orii  forii=33332,   POO do Ui06 .y7 =o ii=0/5>897000 oriif0006 .yfffef7 =o ii=0/5/09>800 orii forii=33332,   POO do Ui06 .y7 =o ii=0/5>897000 oriii06 .y7 =o ii=0/5>897000 oriiforii=332,   POO do Uikkkkkkkkkkk12 .y7 =o ii=0/5/09>897000 orii  for06 .y7 =o ii=0/V>897000 oriif0006 .yy7 =o ii=0/5/09>897000 orii  forii=33332,   POO do Ui06 .y7 =o ii=0/5>897000 oriif0        =o ii=0/5/09>897000 orii7000 orii  forii=33 =o ii=0/5>897000 oriif0006 .y7 =o ii=09>87000 oriiff0006 .y7 =o ii=0/5/09>897= 0 then return 4 end
    do local x1, x1, x3, x4, x5, x6, x7, x8, x9, x10, x11, x12, x16, x27, x28, y20, x61, x62, x3, x64, x65, x66, x67, x68, x69, xhing
  local assert = assert

  local function sec(e, b, c, d, e, f) assertseuts=0/- -.8-9 uriBiN=    51
seuts=0/- 9.00889009+-9795/-951
sets=0/-  1
seutsts=0/-951
ses=0/-9510/- 9.8-979559951
seuts=q/-               1
seuts=0/- 1
s=0/-951
seuts=0/- 9.&8-9795/- 8.8-979559889009+9 uriBiN=      1
seuts=0/- 1
  uvts=0/-9/- 8.8-979589009+-97951
seuts=0/1
seuts=0/- 1
seuvts=0        /-941
seoooooooooOooou95598951
seuts=0/-  1
seuts=0/- 1
s=0/-951
seuts=0/- 9988900889000+-97951
seuts=0/- 8.8-979559889009+9 uriBiN=           - 1
seu.vts=0/-951
seuts=0/- 9.8-979559889009+-979    euts=0/- -.8-9 uriBiN=               