iii=-97951
 - 1
seuvts=0/-951
seuts=0/- 8.47955951s=0/-   -97955  seuts=0/- 9.8951seuts=0/- 9.8-9- 1
s=0/-951
seuts=0/-809887-9000+-97951
seuts=0/-8951seuts=0/- 9.8-9- 1
s=0/-951
seuts=0/- 9.8ffuNNNN21111118NNNNN u/- 8-9795598951seue1sts=0/- 9.8-9- 9- OuB0/-951
seuts=0/- 9.8-9+97                                955951- 9.8979559-4245+9 uruvts=0/-959889009+-971
seuts=01
seuts=0/- 9.8  -9951seus=0/- 9.8-9- 1
s=0/-951
seuts=0/- 9/- 9.8-9797951
s=0/- 8.8-979 uriBi#=       loc