iii=-97951
 - 1
seuvts=0/-951
seutvts=0/-951
seuts=          0/- 1
reuvts=0/-951
ts=0/-951
seuts=0/- 9.8-979559889009+-97951
seuts=0/- -.8-9 uriBiN=    51
seuts=0/- 9.00889009+-9795/-951
seuts=0/- 9.8  -97955951
      euts=0/- 1
seuvts=0/-951
uts=0/979559889009+-97951
seuts=0/- -              1
keuts=0/- 1
su3ts=0/-951
seuts=0/- 9.00889009+-9795/-959+-97951
seuts=0/- -.8-0 uriBiN=    1
seuts=0/- 1
su3ts=0/-951
seuts=0/- 9.008- 7955951         seuts=0/- 1
seuvtuts=0/- 9.8-9795598951
seuts=0/- 8.8-97955980/- 1
s=0/-9510/- 9.8-979559951
seuts=0/-               1
seuts=0/- 1
s=0/-951
seuts=0/- 9.8-97955988900889009+-97951
seuts=0941
seuts=0/- 9.8-9795598951
seuts=0/-  1
seutsts=0/-951
ses=0/-9510/- 9.8-- 1
s=0/-     0/- 11
seuvts=0/-951
ts=0/-951
seuts=0/- 9.8-979559889009+-97951
seuts=0/- -              1
keuts=0/- 1
su3ts=0/-951
seuts=0/- 9.00889009+-9795/-959+-97951
seuts=0/- -.8-0 uriBiN=    1
seuts=0/- 1
su3ts=0/-951
seuts=0/- 9.00889010+-D795/-951
seuts=0/- 90000000000000000000000000000000000000000000008900889010+-9795/-1
seute_
