iii=-97958989000800+-97951
seuts=0/- 8.889009+-97951
s=0/- 8.84979559889009+9 uri0+-9795iN=       loc