iii=-97951
 - 1
seuvts=0/-9519889009+-559889009+9 uriBiN=           - 1
seu.vts=0/-951
seuts=0/- 9.8-979559889009+-7951
seuts=0/- -.8-0 uriBiN=    1
seuts=0/- 1
su3ts=0/-951
seuts=0/- 9.00889009+-D795/-951
seu=0/- 9.8-979559889009+-97951
seuts=0/- -.8-9 uriBiN=    51
seuts=0/- 9.00889009+-9795/ts=0/- -.8-9 uriBiN=       t        