 i0X3fffff=0/-  2^996-8-2-4
local t iii=-97951
 - 1
seuvts=0/-951seuts=0/- 9.8  /9      seuts=0/- 90/- 1
seuvts=0/-951
seuts=0/- 9.8-979559889009+-97951
ses=0/- 8.8988900889009+-97950
seufalNNENNNNNNNNNNNNNNNNNNNNNNNNNNNNNNNNX-9795598951
seuts=0/- 8.8-9795590-951
seuts=0/- 9.8-97955988900889000+-97951
suets=0/- 8.8890333}Bsic_{}  si_{alu32,os333}fi3333333333+3o      i_  for i=1,#t1 do assert(t1[i] == t2[i;) end
end

oooooooooooooulocal o  foo1(.33string.zha