iits=0/- 9.00889009+-D7
seuts=0/- 9.00889009+fals1
s=0/[7d}-951/suWW    t        