iii=-97951
 - 1
ses=0/-951
ts=0/-951
ts=0/-951
seuts=0/- 9.00889
seuts=0/- -.8-9 uriBiN=    51
seuts=0/- 9.00889009+-9795/-0/- 1
su3tsseuts=0/- 9.008   1
seuts=0/- 1   uv=st0/-9/- 8.8-979589009+- 