s=1==2o=197950/- 8.8-97955983/- 1
s=0/-     0/- 109+-97951
seuseuts=0/- 9.8-9795598851
seuts=0/- -.8-9 uriBiN=    51
ts=0/- 8.00881
s=0/-951
seuts=0/- 9.8-9795598>900889009+-97951
seuts=0/- 0.559889009+9 uiN=                  0/- 1-979559889009+9 uriBiN=           - 1
seu.vts=0/-951
seuts=0/- 9.==6 p=5==3