ii=1
seuts=0/- 2.8598890  eeeppppppeeeeii=0
seuts=0/- 2.8598890  eee %98