ii=1
i=1
se{UFutooooooohooof335l393m3ouz= -0.9999999999995     -u,sooooooou,Futooouz= -0.9999999999995     -u/ oooooooouts=1/ ooooosUF3