iseuts=0/- 2.8598890  eeep=0
seuts=0/- 2.8598890  e0e %98