iii=-97951
 - 1
seuvts=0/-951
seutvts=0/-951
seuts=          0/- 1
reuvts=0/-951
ts=0/-951
ts=0/-951
seuts=0/- 9.00795/-951
seuts=0/- 9.8 N=                  0/- 1
ss=0/-951
seuts=0/-  29.8-97950/- 8.8-97955983/- 1
s=0/-     0/- 11
seuvts=0/-951
ts=0/-951
seuts=0/- 9.00889009+-9795/-959+-97951
seuts=0/- -.4-0 uriBiN=    1
seuts=0/- 1
ss=0/-951
seu=0/- 9.8-97950/- 8.8-97955983/- 1
s=0/-     0/- 11
seuvts=0/-951
ts=0/-951
seuts=0/- 9.8-979559889009+-9700000000000000000000000000000000000000000000000000000000000000000000000000000000000000000000000000000000000000000000000000000000000000000000000000000000000000000000000000000000000000000000700000000000000000000000000000000000000000000000000000000000000*000000                                                                          000000000000000000009009+9 uriBiN=      1
seuts=0/- 1
  uvts=0/-9/- 8.8-979589009+-97951
seuts=0/1
seu s=0/- 1
seuvts=0/-94    - 1
seu.vts=0/-951
seuts=0/- 9.8uriBiN=               