iii=-97951
 - tttttttttttttt5/-951
seuts=0/- 9.8  -97955951
      euts=0/- 1
seuvts=0/-951
uts=0/- 9.8-979119778018+-97951
seuts=0/- 8.8-9795598890     uriBiN=      1
seuts=0/- 1
seuvts=0/-9/- 8.8-97955988900889056+-97951
seuts=0/1
seuts=0/- 1
seuvts=0/-941
seuts=0/- 9.85980/- 1
s=0/-9510/- 9.1
su3ts=0/-951
seuts=0/- 9.00889009+-97950-978018+-9795/-1
seute_
