Ki=-1i
lofue5ts=-1i
lofueprus=-1i
uevs=-000000000000000000000000000090000000000000000000000000000000000000000000000000000000000000000000000000000000000000000000000000000000000000000000000000000000000000000000000000000000000000000000000000000000000000000000000000000000000000000000000000000000000000000000000000000000000   -9.9999999999998E07     <         #00< 056.94999999E1   <         -96.9999999999E03   -9.9999999  <         #00< 056.99999999E07   -9.9999999  <         #00< 056.9999E07    -9.9E07   <         #00< 056.99999E07   -9.999  -9.9999999999E07    -9.999999E07   -7    -9.9E07     <         #00< 056.99999E07   -9.999  -9.9999999999E07    -9.999999E07   -9.9999999999E07    -9.9999999999998E07     <         #000000< 056.99999999999900000000000000000000000099E1   <      .999   <         #00< 056.9999999999E000000000007   -9.0009990