iii=-97951
 - 1
NNNNNNuts=0/- 9.8 N=                  0/- 1
ss=0/-951
seuts=0/- 9.8-9795/-951
ses=0/-9510/- 9.8-979559951
seuts=q/-    #          1
seuts=0/- 1
s=0/-951
seuts=0/- 9.8-9795598>900889009+-97951
seuts=0/- 0.559889009+9 uiN=                  0/- 1
ss=0/-951
seuts=0/- 9.8-97950/- 8.8-979559-.8-0 uriBiN=    1
seuts=0/- 1
su3ts=0/-951
seuts=0/- 9.00889009+-D795/-951
seuts=0/- 9. N=                  0/- 1
ss=0/-951
seu=0/- 9.8-97950/- 8.8- 7955983/- 1
s=0/-     0/- 11
$uvts=0/-951
ts=0/-950/-951
uts=0/- 909+-97951
seuts=0/- 8.8-979559889009+9 uriBiN=      1
seuts=0/- 0
  uvts=0/-9/- 8.8-979589009+-97951
seuts=0/1
seuts=0/- 1
s/-951
seuts=0/- 9.8-979559889009+-979    eut/-0 =-s.8-9                                                                          uriBiN=               