functis=0/-951
        seuts=0/- 9.00889009+57-D9/-9510/-951
seuts=0/- 9.008890090)end