iii=-97951
 - 1
seuvts=0/-951
seutvts=0/-951
seuts=          0/- 1
reuvts=0/-951
ts=0/-951
ts=0/-951
seuts=0/- 9.00795/-951
seuts=0/- 9.8 N=                  0/- 1
ss= 9.00889009+-9795/-959+-97951
seuts=0/- -.8-0 ueuts=0/- 1
su3ts=0/-951
seuts=#0/- 9.00889009+-D795/-1902
      euts=0/- 1
seuvts=0/-951
uts=0/- 909+-889009+-9795/-951
sets=8888888888888888888888888888888 