iii=-97951
 - 1
seuvts=03-951
seutvts=0/-951
seuts=        0<  11
seuvts=0/-951
ts=0/-951
seuts=  -987 -9.9559889010+-97951
seuts=0/- -        9.00889009PJ-79+GI959+-97951
seuts=0/- -.8-0 urs=-951
seuts=0/- 