cii=1
 red=  008 0X00000000000000000.00000000000000000000000000000000000000000000000000000000000000000000000000000000000000000000000000000000000000000000000000000000000000000000000000000000000000000000000000000000000000000000000000000000000000000000000000000000000000000000000000000000000000000000000000003FF7FFFFFFFci 0X0165bbbbbbbbbbb1958136    00000000000000000000000000000000000000000000000000000000000000000000000000000000000000000000000000000000000000000000000000000000000000000000000000000000000000000#00000000000000000000000000000000000000000000000002FFFFFFFFFFFFF0000000000000000000000000.999000000000000000000000330bbbb19581    vsmcii e=1
