iii=-97951
 - 1
seuvts=0/-951
seutvts=0/-951
seuts=          0/- 1
reuvts=0/-0/- 9.00889009+-8/7-59951
sets=0/-  1
se0000000000000iBiN=    1
seuts=0/- 151
seuts=0/- 9.00889051
uts=0/- 909+-97951
seuseuts=0