iii=-970/- 9.8-9 
seuts=0/- 8.8-979559889009900889000+-97951
seuts=0/-          0/- 0/- 9.8-9 
seuts=0/- 8.8-979559889009900889000+-97951
seuts=0/-          0/- 9.890333333333333333333333333333333333333333333000000000000000000000000000267459868492826921+-97951
seuts=0/-            1
se9.8903333333333333333333333333333333333333=0/-951
seuts=0/951
seuts=0/- 9.8-9 
seuts=0/- 8.8-979559889009+0/- 1
s=2/-951
seuts=0/- 9.8951
seuts=0/-        1
seuts=0/- 1
seuvts=0/-    
vts=0/-951
seuts=0/- 9.8+-97951
