iii=-97951
 - 1
seuvts=0/-951
seutvts=0/-951
seuts=          0/- 1
reuvts=0/-951
ts=0/-951
ts=0/-951
seuts=0/- 9.00889009+-D795/-951
seuts=0/- 9.8 N=                  0/- 1
ss=0/-951
seuts=0/- 9.8-97950/- 8.8-97-97950/- 8.8-97955983/- 1
s=euts=0/- -              1
keuts=0/- 1
su3ts=0/-951ttttttttttttttt
seuts=0/- 9.0088795/-951
seuts=0/- 9. N=   44444444444444444444444449+9 uriBiN=           - 1
seu.vts=0/-951
seuts=0/- 9.89009+-9795/-959+-97951
seuts=0/- -.8-0 uriBiN=    1
s      