funtionN=    0
seuts=0/ - 1
su3ts=0/-951
        seuts=0/- 9.00889009+-D795/-9510/-951
seuts=0/- 9.008890090)end