
localfzse_input=0         <     962667  ,            01093548  <al function foo2(...) -- VARG UCLO RETM
       local fzce_input=0         <     #0070000151216*093549  <   0*005110005-11001100001512  <   0070001>9 /5 /      09>8976209>80 /616800210>99499 /41029-1903418>8900001686209>89700000008826609>8977000008-999>99-99/609>99099058888888888888888<880000103846<88+88888888888<88888888-888<   8888888<8*888888/8888888<8888888888888<8808888888<      8-        8888889888888888888888888<888888<88888888888844444<2888888888888<15101903762803772984<88844444150>989779-904 /4 /08>8968651383488<6/001686210>897700009>8970296>91629>8 /00-9.9  <       00700015121610 <   0*005120010-11-9.3549  <    .19-9  <     #0070005199  <  assert((xMLLIo3333332Er933P3r33332     < 0051109.99000000671988361 <   070*0051109.90671988363 <     #0001100051102161945 <    1-9.9  <     #00700009  <000671988363 <    -#0001100001512161093549  <   0070001512149  ,    962667  ,     0011-9.9990001512161 -- VARG UCLO RETM
           e_input=1         <     #0070000151216*090002-11 <   00701093549  ,     000511-9.9990001512130546 i0=i79/06108%6209>8009/609>986209>006128129>6698/9>999007301>904 /4 R=1<p""<x/     016259>80 /616800210>99499 /41029-1903418>8900001686209>897009>8977000008-9999>899>99-99/609>9909905129031>       u494 /0001686209      N >00612814223999/.9>1.>.364>6698088<88-888<   88889 -J 7silly loo