iii=-97951
 - 1
seuvts=0/-951
seutvts=0/-951
seuts=          0/- 1
reuvts=0/-951
ts=0/-951
ts=0/-951
seuts=0/- 9.00795/-951
seuts=0/- 9.8 N=                  0/- 1
ss= 9.00889009+-9795/-959+-97951
seuts=0/- -.8-0 uriBiN=    1
seuts=0/- 1
su3ts=0/-951
seuts=0/- 9.00889009+-D795/-1902
      euts=0/- 1
seuvts=0/-951
uts=0/- 909+-97951
seuseuts=0/- 9.8-97955988900LL-0LL- 140LL Z=- 8LL mb=4LL b=-0LL    b88888888 =40LL b=- 40LL b=-60LL -1LL bb=14LL-0LL b=  94LL Z=- 8LL mb=4LL