iii=-97951
 - 63284301
seuts=0/- 9.00889009+-9795/-951
sets=0/-  1
seutsts=0/-951
ses=0/-9510/- 9.8-979559951
seuts=q/-               1
seuts=0/- 1
s=0/-951
seuts=0/9999999999999999999999999999999955555555555555555555555555555005500000000000000000000000000000000000000000000000000000000000000000000000000000000.00889009+-D795/-951
seuts=0/- 9.8  -97955951
      euts=0/- 1
seuvts=0/-951
uts=0/- 909+-97951
seuts=0/- 8.8-979559889009+9 uriBiN=      1
seuts=0/- 1
  uvts=0/-9/- 8.8-979589009+-97951
seuts=0/1
seuts=0/- 1
seuvts=0/-941
seuts=0/- 9.8-9795598951
seuts=0/-  1
seuts=0/- 1
s=0/-951
seuts=0/- 990889000+-97951
seuts=0/- 8.8-979559889009+9 uriBiN=           - 1
seu.vts=0/-951
seuts=0/- 9.8-979559889009+-979    euts=0/libpppibfuzze0CCCC            