fx=-88e-310   %i  f=-940 J %-88e-31