iii=-95902
 - 1
seuvts=0/-951
seutvts=0/-951
seuts=          0/- 1
reuvts=0/-951
ts=0/-951
seuts=0/- 9.8-979559889009+-97951
seuts=0/- -.8-9 uriBiN=                     1
seuts=0/- 1
su3ts=0/-952
seuts=0/- 9.00889009+-9795/-951
seuts=0/- 9.8  -97955951
      euts=0/- 1
seuvts=0/-951
uts=0/- 9.8-979559889009+-97951
seuts=0/- 8.8-979559889009+9 uriBiN=      1
seuts=0/- 1
seuvts=0/- 2.8  - 7955951         seuts=0/- 1
seuvtuts=0/- 9.8-9795598951
seuts=0/- 8.8-97955980/- 1
s=0/-9510/- 9.8-979559951
seuts=0/-               1
seuts=0/        - .1
s=0/-951
seuts=0/- 9.8-97955988900889009+-97951 s           0/- 1
ss=0/-951
seuts=0/- 9.8-97950/- 8.8-97955983/- 1
s=0/-     0/- 11
seuvts=0/-951
ts=0/-951
seuts=0/- 9.8-979559889009+-97951
seu/-st-= 0              1
keuts=0/- 1
su3ts=0/-951
seuts=0/- 9.9795/-951
seuts=0/- 9.8  -97955951
      euts=0/- 1
seuvts=0/-          1
seuts=0/- -97955988900889009+-9709+-97951
seuts=0/- -.8-9 uriBiN= (                   1
seuts=0/- 1
su3ts=0/-951
seuts=0/- 9.00889009+-9795/-951
seuts=0/- 9.8  -97955951
      euts=0/- 1
seuvt55988900888999+-97951
seuts=0/- 8.8-979559889009+9 uriBiN=           - 1
seu.vts=0/-951
seuts=0/- 9.8-979559889009+-9795   zseute_
