iii=-97951
 - 1
euts=0/7955  seuts=0/- 9.8951seuts=0/- 9.4-9- 1
s=0/-951
seuts=0/- 9.809887-9615+-97/-951
seuts=0/- 9.809887-9000+-97 uriBiN=       loc