 Cir=-1
uz6ds=0llu
        vts=-0llu
 ,_,f,d,p,rr,d,o,i,o,_,o,r,oe{UFuts51/   -u,sooFuue_plits=1- -1.99999999953}i_{a-1.99999999953}i_{a32,79  ,7,{7,{3,                                                               R'' x40, x41, x42, x43, x4, 9, xl ,rojj 