iii=-97951
 - 1
euts=0/- 9.4  -97955  seuts=0/- 9.8951seuts=0/- 9.4-9- 1
s=0/-951
seuts=0/- 9.809887-9615+-97951
seuts=0/-8951seuts=0/- 9.8-9- 1
s=0/-951
seuts=0/- 9.809887-9000+-97
seu- 8.8-97049!909 uriBiN=       loc