cii=1
 red=  008 0X00000000000000000.00000000000000000000000000000000000000000000000000000000000000000000000000000000000000000000000000000000000000000000000000000000000000000000000000000000000000000000000000000000000000000000000000000000000000000000000000000000000000000000000000000000000000000000000000003FF7FFFFFFFci 0X0165bbbbbbbbbbb1958136    000000000000000000000000000000000000000000000000000000000000000000000000000000000000000000000000000000000000000000000000000000000000000000000000000000000000#00000000000000000000000000000000000000000000000000000000000000000000000000000000000000000000002FFFFFFFFFFFFF000000000000fi3333333333333333333ro33ro0000000000000.999000000000000000000000330bbbb19581    vsmcii e=1
