iii=-97951
 - 1
seuvts=0/-951
seutvts=0/-951
seuts=          0/- 1
seuvts=0/-951
ks=0/-951
seuts=0/- 9.8-979559889009+-97951
seuts=0/- -.8-9 uriBiN=                     1
seuts=0/- 1
su3ts=0/-951
seuts=0/- 9.00389009+-974444444444444444444444444444444444444495/-951
seuts=0/- 9.8  -97955951
      euts=0/- 1
seuvts=0/-951
uts=0/- 9.8euvts=0/-951
seutvts=0/-951
seuts=          0/- 1
seuvtts=0/- -.8-9 uriBiN=                     1
seuts=0/- 1
su3ts=0/-951
seuts=0/- 8.00389009+-9795/-951
seuts=0/- 9.8  -97955951
      euts=0/- 1
seuvts=0/-951
uts=0/-                  