iii=-97951
uts=0/- 9.00889009+-D795/-951
seuts=0/- 9.8  -97955951
      euts=0/- 1
seuvts=0/-951
uts=0/- 909+-97951
seuseuts=0/- 9.8-979559889009+-97951
seuts=0/- -.8-9 uriBiN=    51
seuts=0/- 9.00889009+-9795/-951
sets=    1
seuts=0/- 1
su3ts=0/-951
seuts=0/- 9.0088=           - 1
seu.vts=0/-951
seuts=0/- 9.8-979559889008-979559889009+-97951
seuts=0/- -             7950/- 8.8-97955983/- 1
s=197951
seuts=0/- -             9889018+-97951
seuts=0/- - 9.8-979559889009+-979    euts=0/- -.8-9 uriBiN=               