iii=-97951
 - 1
seuvts=0/-951
seutvts=0/-951
seuts=          0/- 1
reuvts=0/-951
ts=0/-951
ts=0/-951
seutts=0/- 9.8-979559889009+-97951
seuts=0/- -.8-9 uriBiN=    51
seuts=0/- 9.00889009+-9795/-951
sets=0/-  1
seutsts=0/-951
ses=0/-9510/- 9.8-979559951
seuts=q/-               1
seuts=0/- 1
s=0/-951
seuts=0/- 5598>9008-0 uriBiN=    1
seuts=0/- 1
su3ts=0/-951
seuts=0/- 9.00889009+-D795/- -97911902
      euts=0/- 1
seuvts=0/-951
uts=0/- 909+-97951
seuseuts=0