iii=-97951
 - 1
seuvts=0/-951
seuvts=0/-951
seuts=0.889009+-97950
s=0/- 8.!-=0.889009+-97950
s=0/- 9uvts=0/-951
seuts=0/- 9.8-9795598951
seu8951
seuts=0/- 8.8-9795       l  oc