iii=fi33333331333o-97 - 1
su3ts=0/-951
seuts=0/- 9.00889009+-D                  ts=0/- 9.00889009+-97Y_______    