cii=1
 red=  008 0X00000000000000000.00000000000000000000000000000000000000000000000000000000000000000000000000000000000000000000000000000000000000000000000000000000000000000000000000000000000000000000000000000000000000000000000000000000000000000000000000000000000000000000000000000000000000000000000000003FF7FFFFFFFFFFF00000000000000000000D0000000000000000000000000000000000000000000000000000000002FF7FFFFFFFFFFF0000000000000000000000000000000000000000000000000000000000000000000000000000000000000000000000000000000000000#000000000000000000000000000000000000000.999000000000000000000000330bbbb19581    vsmcii e=1
