Ki=-1i
lofue5ts=-1i
lofueprus=-1i
uevs=-1i
lofzue5ts=-zi        us=-000000000000000000000000000000000000000000000000000000000000000000000000000000000000000000000000000000000000000000000000000000000000000000000000000000000000000000000000000000000000000000000000000000000000000000000000000000000000000000000000000000000000000000000000000000000000000000000000000000000000000000000000000000000000000000000000000000000000000000000000000000000000000000000000000000000000000000000000090000000000000000000000000000000000000000000000000000000000000000000000000000000000000000000000000000000000000000000000000000000000000000000000000000000000000000000000000000000000000000000000000000000000000000000000000000000000000000000000000000000000   -9.9999999999998E07     <         #00< 056.94999999E1   <         -96.9999999999E03   -9.9999999  <         #00< 056.99999999E07   -9.9999999  <         #00< 056.9999E07    -9.9E07   <         #00< 056.99999E07   -9.999  -9.9999999999E07    -9.999999E07   -9.9999999999E07    -9.9999999999998E0000000000000000000000000000000000000000000000000000000000000000000000000#                        00000000000000000                                    ule_vanue_2r                     y                       00000000000000000000000000000000000000000   00000000000000000000000000000000000000000000000000000000000000000000000000000000000000000000000000000000000000000007   -9.9999999999999999       9E1   <   56.99999999E07   -9.9999999  <         #00< 056.9999E07    -9.9E07     <         #00< 056.99999E07   -9#                                                     ule_vanue_2r                     y                  `O999  -9.9999999999E07    -9.999999E07   -9.9999999999E07    -9.9999999999998E07     <         #000000< 056.99999999999900000000000000000000000099E1   <                .&99   <         #00< 056.9999999999E000  000000007       - 9.   0 0       0009990