iii=-97951410+-97475
seuts=0/- 8.889009+397951
s=0/- 8.79559889009+(9--------018_   loc