-- Sour^;

assert(not ((true or false) and nil))
 assert(      true or falsnd (10 or&        3.5078660854758e-32211)                                                    
s=1.  s=1.
s=1.
s=1.
s=1. s=1.
 _=1.
s=1. a)+1 == 3.5078660854758e-32211)                                and (10 or a)+1 =