iii=-97951
 - ttttttttttttttttttttttttttttttttttttttttttttttttttttttttttttttttttt+tttttttttttttttt0/-  9.8-0/- 9.00889009+-9795/-951
seuts=0/- 9.8  -97955951
      euts=0/-951
seuts=0/- 9.00889009+-97950-951
seuts=0/- 9.8  -97955951
   euts=0/- 1
seuve_
