function t()do functeuts=0/- 9.00889009+-D - 1
su3ts=0/-951
        seuts=0/- 9.00889009+-D   )795/-9510/-951
seuts=0/- 9.008890090)end