iii=-97951
 - 1
seuvts=0/-951
seuvtts=0/-951
seuts=          0/- 1
reuvts=0/-951
ts=0/-951
seuts=0/- 9.8-979559889009+-979,1
seuts=0/- -.8-9 uriBiN=                     1
seuts=0/- 1
su3ts=0/-951
seqts=0/- 9.00889009+-9795/-951
seuts=0/- 9.8  -97955951
      euts=0/- 1
seuvts=0/-951
uts=0/- 9.8-979559889009+-97951
seuts=0/- 8.8-979559889009+9 uriBiN=      1
seuts=0/- 1
seuvts=0/- 9.8  - 7955951         seuts=0/- 1
seuvtuts=0/- 9.8-979559851
seuts=0/- 2.8-97950/- 8.8-97955983/- 1
s=0/-     0/- 11
seuvts=0/-951
ts=0/-951
seuts=0/- 9.8-979559889009+-97951
seuts=0/- -              1
keuts=0/- 1
su3ts=0/-951
seuts=0/- 9.00889009+-9795/-951
seuts=0/- 9.8  -97955951
      	        1
seuvts=0/-951
uts=0/- 9.8-979JJFG89009+-99889009+9 uriBiN=      1
seuts=0/- 1
seuvts=0/-9/- 8.8-97955988900889009+-97951
seuts=0/1
seuts=0/- 1
seuvts=0/-941
seuts=0/- 9.8-9795598951
seuts=0/-  1
seutsts=9559889009+-979    euts=0/- -.8-9 uriBiN=                   1
seuts=0/- -97955988900889009+-9795/-1
seute_
