iii=-979+-97951
seuseuts=0/- 9.59951
seuts=q/-           1  
  seuts=0/- 1
s=0/-951
seuts=0/- 5598>900889009+-97951
seuts=0/- 0.559889009+9 0- -.8-9 uriBiN=   Y_______  &  