iii=-97951
 - 1
seuvts=0/-951
seutvts=0/-951
seut3=          0/- 1
reuvts=0/-951
ts=0/-951
ts=0/-951
seuts=0/- 9.00889009+-D795/-951
seuts=0/- 9.8 N=    - 9.8-979559889009+-97951
seuts=0/- -.8-9 uriBiN=    51
seuts=0/- 9.00889009+-9795/-951
sets=0/-  1
seutsts=0/-951
ses=0/-9510/- 9.8-9795590889009+-9795/-959+-97951
seuts=0/- -.8-0 uriBiN=    1
seuts=0/- 1
su3ts=0/-951
seuts=0/- 9.00889009+-D795/-95         