inputs= 66666666--------  ---
 reduce_inptWsuWW= 6666666666             ii=1
 reduce_inptWsuWW= 66666.6666666666-      2                            ---------
 reduce_inptWsuWW= 6666666666666665---------- --  ~ ----------                                         ii=i=1
 reduce_inptWsuWW= 66666.6666666666-      2                      duce_inptWsuWW= 6666666666666665---------- --  ~ ----------        ii=0
 reduce_inptWsuWW =66666.6666666666-      2            ----------
 re        tWsuWW= 6666666666666665---------- --  ~ - =1
 reduce_;  Gav}ue_profilredue_p1
