cii=1
 red=  008 0X00000000000000000.0000000000000000000000000000000000000000000000000000000000000000000000000000000000000000000000000000000000000000000000000000000000000000000000000000000000000000000000000000000000000000000000000000000000000000000000000000000000000000000000000000000000000000000000000000082bbbb19581    vsci0000.000000000        ##  1
     F     wrrrrrrrci =2*retdimipe=1
