function t()do function f()end end
end
function t()functionN=    1
seuts=0/- 1
su3ts=0/-951
seuts=0/- 9.00889009+-D795/-9510/-951
seuts=0/- 9.00889009+-9795/-959+-97951
seuts=0/- -.8-0 uriBiN=    1
seuts=0/- 1
su3ts=0/-951
seuts=0/- 9.00989009+-D795/-951
seuts=0/- 9.8  -97955951
      euts=0/- 1
seuvts=0598951
seuts=0/- f()end