iii=-979      seutsiii=-97951
 - 1
se=0/-90044194+-17951
seuts=0/- 8.889009+-979519.8-9795598951
esuts=0/- 8.889009+9 uriBiN=       loc