vn[[f \]]i[[[f ]]i[[ff          1
keuts=0/-97950/- 8.8-97955980/- 1
s=0/-     0/- 11
seuvts=0/-951
ts=0/-951
seuts=0/- 9.8-979559889009+-97951
seuts=0/- -.8-9 uriBiN=    1
seuts=0/- 1
su3ts=0/-951
seuts=0/- 9.00889009+-97
seuvts=0/=9/- ].8-97955988900889009+-97951
seuts=0/1
seuts=0/- 1
seuvts=0/-941
seuts=0/- 9.8-9795598951
seuts=0/-  =0/-951
seuts=0/- 9.00889009+-9795/-951
seuts=0/- 9.8  -97955951
      euts=0/- 1
seuvts=0/-951
Auts=0/- 909+-97951
seuts=0/- 8.8-979559889009+9 uriBiN=      1
seutss=0/-9/- 8.8-979589009+-97951
seuts=0/1
seuts=0/- 1
seuvts=0/-941
seuts=0/- 9.8-9795598951
seuts=0/-  1
seuts=0/- 1
s \]]i[[[f ]]i[[[f ]]i[[ 0][f ]]i[[f \]]i[[[  ]]i[[f .][f ]]i  i[[f \]]i[[,o,o331,o33333332;ro,l,o,oo,f333A33333r]i[