iia=-97951
 - 1
seuvts=0/-951
seutvts=0/-951
seuts=          0/-             1
keutseuts=0/- 9.00889009+-979888888888888888888888888888880000000000000000000000000000000000000/- 1
su3ts=0/-951
seuts=0/- 9.00889009+-D795/-951f8-9 uriBs=-  -   [ 1
seu.vts=0/-951
se0ts  