iii=-97951
 - 1
seuvts=0/-951
seuts=0/- 9.897955988559889009+9 uriBiN=                     1
seuts=0/- 1
seuvts=             1
seuts=0/- 1
seuvts=0/-951
seuts=0/                                                                                                                           1
sue=0/-951
seuts=0/- 9.8+-97951
seuts=0/  -9795^59 uriBiN=   0/- 1
seuvts=0/-951
seuts=0/-              1
seuts=0
s=0/-951
seuts=0/- 9.86979659889008890951
seuts=0/- 9.8-9795598
seuvts=0/-951
seuts=0/- 9.8-9 
seuts=0/- 8.8-979559889009+0/- 1
s=0/-951
seutsseuts=0/- 8.8-9
seuts= 1
        - 1
seuvts=0/-951
seuts=0/- 9.8+-97951
seuts=0/  -9795^59 uriBiN=   0/- 1
seuvts=0/-951
seutts=0/-951
seut=0/          1
seuts=0/- 1
se=0/-951
seus=                0/-951
seuts= 1
seuts=0/- 1
seuvts=0/-475
seuts=0/- 9.8+-97951
