 kkkk000,    zc=1   < 9E07   -9.999900             -96.99999-9.999999999999999E199  <         #0-9.9
 ii=1   forii=66666,   200
do  ii.kkk0kkkkk000,    ii=1    ii=166200
dii=66200
ii=10