 si=      000000000000-0000000.0000000000001628051265294434,0 si_al_r(epuYo,bLo,        000000000000-0000000.0000000000001628051265294434,asci'=\
r=4'Qr=300043000
mo 'bH00020-s