inputs=               88888888888888888888888888888898888888888888888888888888888888888888888888888888888888888888888888888888888888888888888888888888888888888888888888888888888888888888888888888.88888888888888888888888888888888888888888888888888888888888888888888888888888888888899999999999999999999999999999999555555555555555555555555555555555555555555555550000000000000000000000000000000000000000000000080000000000000000000000000000000000000000000000000000000 ornot not2                 ornot not20                   ornot not20                              
s=2   ornot not20     ornot n ornot not20               ornot   0000000000000000000000000000000000000000000000000000000000000000000000000000000000000000000000000000000000000000000000000000000000000000000000000000000000000000000000000000000000000000000000000000000000000000000000000000000000000000000000000000000000000000000000000000000000000000000000000000000014734432178523865089 88888888888888888888888888888888888888888888888888888888888888888888888888888888888828888888888888888888888888888888888888888888888888888888888888888888888888898888888888888888888888888888888888888888888888888888888888888888888888888888888888888888888888888888888888888888888888888888888888888888888888888888.8888888888888888888888888888888888888888888888888888888888888888888888888888888888888888888888888888888888888888888888888888888888999999999999999999999999999999995555555555555555555555555555555555555555555555500000000000000000000000000000000000000000000000800000000000000000000000000000000000000000000000000000000000000000000000000000000000000000000000000000000000000000000000000000000000000000000000000000000000000000000000000000000088888