iii=-97951
 - 1
seuvts=0/-951
seutvts=0/-951
seuts=0889009+-9795/-951
seuts=0/- 9.8  -97955951
      euts=0/- 1
seuvts=0/-951
uts=0/979559889009+-97951
seuts=0/- -              1
keuts=0/- 1
su3ts=0/-951
seuts=0/- 9.00889009+-9795/-959+-97951
seuts=0/- -.8-0 us=0/- 1
su3ts=0/-951
seuts=0/- 9.008- 79559/-951
uts=0/979559889009+-97951
seuts=0/- -              1
keuts=0/- 1
su3ts=0/-951
seuts=0/- 9.00889009+-9795/-959+-97951
seuts=0/- -.8-0 us=0/- 1
su3ts=0/-951
seuts=0/- 9.008- 79559.8-
seute_
