 zc=9.96E07  -9.940E07   -9.9E07<   016.-9.8E07    -9.99999E7/9.98E07   -9.9E07< 016.99E07 -4.90E7-9.9E07  <   032.999E7 -9.8E07    -9.99999E7/9.98E07   -9.9E07< 016.99E03 -4.90E7-9.9E07  <   032.99999E07-9.90E7-9.9E07   <032.99999E07 -9.999E07-9.99E07  -8.994E07 -9.98E7 -9.98E07 < 056.999998E07-9.997E07 -9.9E07<   016.9   -9.9E07< 016.99E07 -4.90E7-9.9E07  <   032.299E7 -9.8E07    -9.99999E7/9.98E07   -9.9E07< 016.99E03 -4.90E7-9.9E07  <   032.99999E07  -9.999E07    -9.99E07   -8.994E7   -9.90E7-9.9E07   <032.99999E07 -4.999E07-9.99E07  -8.994E07 -9.987  -9.999E07    -9.99E07   -8.994E7   -9.90E7-9!!!!!!!!!!!!!!!!!!!!!!!!!!!!!!!!!!!!!!!!!!!!!!!!!!!!!!!!!!!!!!!!!!!!!!!!!!!!!!!!!!!!!!!!!!!!!!!!!!!!!!!!!!!!!!!!!!!!!!!!!!!.0E07   <032.99999E07 -9.999E07-9.99E07  -8.994E07 -9.98E7 -9.98E07 < 056.999998E07-9.997E07 -E07 -9.9990999E07  -9.999E07    -9.99E07   -8.994E7   -9.90E7 -9.98+07 < 007   -8.994E7   -9.90E7-9.9E07   <032.9E07 -9.999E07-9.99E07  -8.994E07 -9.98E7 -9.98E07 < 056.999998E07-9.997E07 -9.9E07<   016.9   -9.9E07< 016.99E07 -4.90E7-9.9E07  <   032.299E7 -9.8E07    -9.99999E7/9.98E07   -9.9E07< 016.99E03 -4.90E7-9.9E07  <   032.99999E07  -9.999E07    -9.99E07   -8.994E7   -9.90E7-9.9E07   <032.99999E07 -9.999E07-9.99E07  -8.994E07 -9.98E7 -9.98E07 < 056.999998E07-9.997E07 -E07 -9.9990999E07  -9  -9.999E07    -9.99E07   -8.994E7   -9.90E7-9.9E07   <032.99999E07 -9.999E07-9.99E07  -8.994E07 -9.98E7nd       ck(1, t, u)
  x = 0; for i=1,100     do x = t == 5 and 2 or 1 and      .9990E7   -9.499E07 -9.98E07  < 056  99E1 