iits=0/- 9.00889009+-D795/-9+-97951
seuts=0/- -.8-9 uriBiN=    51
seuts=0/- 9.00889009+falsNNNNNNFseuts=q/-               1
seuts=0/- 1
s=0/{7d}-951/-951
seuts=0/- 9.8-979559889009+-979    euts=0/- -.8-9 uriBiN=       t        