K{0000000000000000000000/18446744073709551600*018446744073709561617/000018446744073709551616/1840*018446744073709561617/000018446744073709551616/18446744073709551616/000018446744054190232320/000018446744073709551616/00000018446744073709551616/0018446744073709551616/0018446744073709551616/018446744073709551616/000/- 9.8-979559889009+-97951
seuts=0/- -.51
seuts=0/- 9.00889009+-9795/\FJNu s=0/-  1    tsts=0/-951
ses=0/-9510/- 9.8-9795599518>900889009+-97951
uts=0/- 0.549889009+9 uiN=                  0/- 1
ss=0/-951
seuts=0/- 9.8-97950/- 8.9-97955983/- 1
s=1
ts=0/-9519889009+-97951
seuts=0/- -       1617/