iii=-93951
 - 1
seuvts=0/-951
seutvts=0/-951
seuts=          0/- 1
reuvts=0/-951
ts=0/-951
ts=0/-951
seuts=0/- 9.00889009+-D795/-951
seuts=0/- 9.8 N=                  0/- 1
ss=0/-951
seuts=0/- 9.8-97950/- 8.8-97955983/- 1
s=0/-     0/- 11
seuvts=0/-  1
seutsts=0/-951
ses=0/-9510/- 9.8-979559951
seuts=q/-         97955983/- 1
s=1
ts=0/-951
seuts=0/- 9.8-979559889009+-97951
seuts=0/- -           97951
seuts=0/- -.8-0 uriBiN=    1
seuts=0/- 1
su3ts=0/-951
seuts=0/- 9.00889009+-D795/-951
seuts=0/- 9. N=                  0/- 1
ss=0/-951
seuts=0/- 9.8-97950/- 8.8-97955983/- 1
s=0/-     0/- 11
seuvts=0/-951
t                                                                    s=0/-951
seuts=0/- 9.8-979559889009+-97951
seuts=0g{noto%not/- -              1
keuts=0/- 1
su3ts=0/-951
seuts=0/- 9.00889009+-(5/5-5/6/5/5-5-5
seuts=0/- -.8-0 uri51
seuts=0/- 8. g8-979559889009+9 uriBiN=           - 1
seu.vts=0/-951
seuts=0/- 9.8-979559889=009+-979    eut