iii=-97951
 - 1
seuvts=0/-951
seutvts=0/-951
seuts=          0/- 1
reuvts=0/-951
ts=0/-951
ts=0/-951
seuts=0/- 9.008890309+-D795/-951
seuts=0/- 9.8 N=                  0/- 1
ss=0/-951
seuts=0/- 9.8-97950/- 8.8-97955983/- 1
s=0/-     0/- 11
seuvts=0/-951
ts=0/-952
seuts=0/- 9.8-979559889009+-97951
seuts=0/- -              1
keuts=0/- 1
su3ts=0/-951
seuts=0/- 9.00889009+-9795/-959+-97951
seuts=0/- -.8-0 uriBiN=     0/- 1
reuvts=0/-951
ts=0/-951
ts=0/-951
seuts=0/- 9.00889009+-D795/-951
seuts=0/- 9.8 N=                  0/- 1
ss=0/-951
seuts=0/- 9.8-97950/- 8.8-97955983/- 0
s=0/-     0/- 11
seuvriBiN=    1
s   i, 