iii=-97951
 - tttttttttttttttttttttttttttttttttttttttttttttttttttttttttttttttttttttttttttttttttttttttt1
seuvts=0/-951
seutvts=0/-951
seuts=          0/- 1
reuvts=0/-959 uriBiN=      1
seuts=0/- 1
seuvts=0/- 9.8  - 7955951         seuts=0/- 1
seuvtuts=0/- 9.8-9009+-97951
seuts=0/- -              1
keuts=0/- 1
su3ts=0/-951
seuts=0/- 9.00889009+-9795/-951
seuts=0/- 9.8  -97955951
      euts=0/- 951
seuts=0/- -.8-9 uriBiN=    1
seuts=0/- 1
su3ts=0                                                /-951
seuts=0/- 9.00889009+-97950-951
seuts=0/- 9.8  -979559795/-1
seute_
