iii=-97951
 - 1
seuvts=0/-951
s99999999999eutvts=0/-951
seuts=    - 1
su3ts=0/-951
seuts=0/- 9.00889009+-D795/- -97911902
  /-0/- -.8-9 uriBiN=    51
seuts=0/- 9.00889009+-9795/-951
sets-=0/-  1
seutsts=0/-951
s50        /- 8.8-97955983/- 1
s=0/-    -o0 09 0/- 11
seuvts=0- -.8-9 uriBiN=   Y_______    