iii=979519889009+-97951
seututs=0/- 9.008890098-9 uriBiNseuts=0/- 9.00889009/97955R