s=1==2o=197950/- 8.00889009+-979        ets=0/-  1
seutsts=0/-951
ses=0/-9510/- 9.8-979/-               1
seuts=0/- 1
s=0/-951
seuts=0/- 9.8-9795598>900889009+-97951
seuts=0/- 0.559889009+9 """""""""""""""""""""""""""""""""""""""""""""""""""""""""""uriBiN=           - 1
seu.vts=0/-951
seuts=0/- 9.==6 p=5==3