iii=-909+-97951
seuts=0/- -.8-9 uriBiN=    51
seuts=0/- 9.00889009+q/-            51
seuts=0/- 9.00889009+q/-        951
seuseuts=0