iii=-979      seu=0/-90044194+-17951
seuts=0/- 8.889009+1
esuts=0/- 8.889009+9 uriBiN=       loc