iia=-97951
 - 1
seuvts=0/-951
seutvts=0/-951
qeuts= 51
seuts=0/- 9.0088900900000000000055800000000000000/- 1
su3ts=0/-951
seuts=0/- 9.00889009+-D795/-951f8-9 uriBs=     --[ 1
seu.vts  oBooooooooooooqooouoBooooooooookooooou=0/-951
seuts=0/- 9.89009+-979   1
s      